100
-38 49 5 12
49 21 62 27
78 82 44 24
11 68 67 29
-60 -46 5 10
22 58 69 67
72 30 23 61
84 37 98 24
14 78 -56 -46
62 70 96 81
79 42 86 38
13 57 24 95
6 62 68 -46
87 8 76 78
-68 57 98 76
76 68 39 12
24 18 10 40
67 1 97 2
76 -12 40 -82
65 89 44 19
-58 55 17 -71
9 27 67 56
59 66 30 76
28 71 32 29
57 60 66 98
96 23 18 45
-2 69 68 -56
41 50 93 0
-28 -28 72 73
27 65 59 36
94 -12 21 54
58 95 29 37
-17 40 37 38
76 4 43 63
-82 16 -36 -76
69 17 17 96
-86 30 98 46
44 90 5 39
24 -50 68 21
55 4 48 11
-56 29 -36 -44
11 10 5 1
90 86 -72 -52
22 65 8 16
-16 22 -48 -72
52 99 79 50
-42 93 90 82
60 63 99 81
92 23 8 6
26 66 84 40
28 12 82 68
79 18 87 12
-44 31 -20 -74
6 1 13 72
65 -99 16 -63
40 67 5 28
-46 -16 -48 58
96 81 30 84
52 0 59 -98
40 42 98 13
-80 -80 43 -88
32 55 94 4
7 32 -10 12
79 84 93 5
-95 -26 -34 78
44 2 2 6
54 -36 18 80
58 98 36 8
44 -97 -52 88
67 46 68 29
-92 -94 74 3
63 97 53 92
46 -92 -32 91
36 60 14 21
-8 -54 -96 -4
94 97 99 43
-90 90 34 14
59 51 35 34
-20 -15 38 96
85 29 43 35
-96 54 67 64
92 95 43 44
74 -80 7 32
61 42 60 17
87 -69 46 62
77 34 90 26
82 60 78 -72
0 46 26 94
92 38 -80 14
51 80 31 93
-15 -72 -10 16
12 79 10 69
22 -73 -66 -32
38 66 70 84
62 -20 15 77
17 18 45 83
78 -85 53 38
57 14 71 29
-18 -76 68 -66
57 81 93 58
98 -79 -7 -88
73 47 31 62
16 -82 45 -25
74 91 47 51
63 -76 36 46
81 16 16 2
21 88 -60 -42
70 62 12 79
55 88 30 77
57 44 99 11
50 -20 -10 -49
44 11 5 34
-71 42 8 54
5 82 22 82
94 -74 10 -6
43 74 14 13
35 46 -38 -64
94 17 46 35
73 29 84 77
10 18 17 36
65 -16 88 -13
33 85 89 73
-2 -46 90 18
95 39 49 20
78 35 34 84
36 55 70 18
30 -92 -33 28
72 27 34 40
-80 -60 -55 36
73 14 59 22
-24 -70 -8 10
98 86 40 78
90 -66 48 76
72 22 54 35
71 41 28 58
1 3 53 33
81 -12 60 -16
34 98 91 76
66 -42 -19 76
16 24 9 39
-56 59 -54 18
26 67 47 23
97 52 25 -58
90 54 50 31
75 -62 -87 -66
82 81 87 15
-50 52 94 0
34 81 6 15
24 -99 -94 32
54 77 9 87
-64 98 80 -22
85 86 85 30
30 -52 56 -50
28 39 25 90
-20 10 88 -42
10 55 88 25
-86 59 52 50
57 97 27 26
13 47 -56 98
88 10 93 77
44 56 -35 97
57 66 52 17
9 0 6 -10
66 28 54 28
10 2 20 6
0 25 97 83
-54 54 -94 -94
21 59 85 57
-22 52 -48 0
62 82 99 17
50 18 -4 70
91 72 37 37
84 44 72 14
70 52 65 11
55 49 36 84
38 67 64 89
88 -50 -73 20
69 36 70 56
76 -54 46 -72
83 39 69 35
-42 74 27 19
64 35 48 95
-57 94 69 -17
68 56 60 33
62 74 20 47
61 90 23 50
88 -4 48 61
89 44 69 38
28 61 -67 84
81 75 66 11
-60 38 60 -90
74 7 18 16
35 20 75 -50
33 97 96 18
59 -48 -86 -52
5 30 29 59
76 -48 -56 10
10 80 26 83
-76 50 -14 93
10 20 5 90
