1000
30886 36915 38335 -60492
16649 41421 2362 90027
-20059 13926 -83426 -55736
5211 95368 2567 56429
-21530 -65123 3135 79802
34022 23058 33069 98167
18456 78042 77373 44919
13784 98537 75198 94324
64370 3526 68980 -41873
6862 99170 6996 97281
20925 -36327 -26505 -21729
61313 25857 16124 53895
-545 -33367 -90364 13750
71087 26808 17276 47178
-93584 2651 -12399 -95060
49676 93368 47739 10012
-98586 -97539 80570 -60378
97467 66601 10097 12902
70492 -60756 60280 -9441
53865 29689 28444 46619
-44729 8117 5771 90675
20709 98927 4567 77856
72353 -76965 -64683 28624
51528 32871 5732 48829
30019 -63368 -86715 -18149
47796 723 42618 2245
-93451 43555 97488 -88228
69841 92350 65193 41500
-87764 -24914 75856 46491
22227 48365 9859 81936
-52551 99228 75407 -76121
68858 94395 36029 61237
73793 -94428 31011 -39529
18776 22404 64443 55763
54538 -36840 -44818 -70688
97369 67917 69917 66996
-87743 -12183 -95499 -6725
85644 55590 17505 68139
-69786 38082 -88464 39507
59355 28804 76348 78611
-27828 87343 -35568 -55422
23311 13810 67605 21801
73730 -11305 -78736 -48626
48522 3465 86708 73416
-13258 -67637 -5624 -32036
33452 11899 19379 45550
-90071 87131 84930 45894
58660 70163 57199 87981
52996 13773 39668 -81095
52926 16466 65084 11340
-27684 -55542 -79107 19756
69179 18418 6887 89412
-32172 62009 -25210 -67587
78206 19301 97713 67372
1255 44599 29904 39811
73940 15667 11705 46228
29150 -96658 -89224 -67269
21396 54081 45630 40084
-11972 -73850 5385 -39299
6640 6042 83898 40713
-56190 -42590 8581 99336
37732 71155 95994 18004
14769 81776 -47255 -48142
75579 45884 21993 23205
79567 -90613 62754 -54259
18944 28202 13202 23506
-2021 -90868 -35189 -49908
49958 10498 48036 18808
86248 33333 21648 -99754
17567 51746 90368 19529
-38046 -49797 86990 3033
5363 12497 10253 94892
-19125 -13996 9188 3729
95436 32460 53414 43921
-26304 -88027 -66748 -8902
4794 97697 58699 71043
32002 -6403 -681 8538
36159 95151 22535 82134
71692 16127 -55629 90964
98285 36429 95343 76335
2900 -7971 60289 17988
92292 85795 40743 53144
58390 -55340 569 -74232
72261 56042 90360 9117
66761 26309 -95425 -6367
14677 4234 30690 31626
-26057 -73168 90358 -47386
65100 4346 2726 34994
-56552 -93529 -32290 56970
99051 19080 99631 18593
18627 -61886 -88355 -20090
14412 59479 9610 58969
52274 47641 -25433 77888
98338 24566 87770 27284
-90417 -72260 237 73059
35217 48518 34945 90783
28458 67637 20483 70478
72757 49314 34471 45729
-33459 -89438 11388 -31233
18157 33681 3493 60358
-10699 1839 68363 -28794
13173 19847 96431 17462
-39390 -45791 55115 96157
88574 31491 1947 62951
35021 93740 -14030 -35325
41081 87516 53516 33002
46139 -85404 -74580 -39021
13970 39862 84812 35379
92685 -99904 -33483 99759
84857 89744 93499 69911
63950 -77560 -75105 40049
21244 88711 41805 19934
77375 93614 43768 44918
52805 76882 44822 76982
24030 11574 -86593 -50253
50543 3074 27814 34713
38377 -15775 -32919 -6732
10294 11017 346 60235
45691 23943 66328 49291
6710 94018 77217 36836
75055 -63858 -14904 72661
69633 89685 4789 13073
-56851 49250 -36503 39006
82195 14639 62949 21120
80226 87677 -63981 87560
39036 27955 67770 33518
66342 -45196 27321 -94984
84172 94427 44234 52040
70072 -45830 70347 -82030
50573 53714 86059 57522
26924 -89435 -29204 -30443
11898 45486 75640 84278
50262 -89683 39848 8324
26272 49122 54154 27335
37457 2747 11776 25218
38701 21703 14653 9933
53959 -62806 48720 -21308
15334 42698 10991 76376
-52715 -25171 71559 -54010
9016 78224 73109 16539
-33378 45053 89114 -5989
59426 28067 85147 75223
32231 -92122 23875 -90179
76590 2254 15350 11131
67857 -99181 54603 -52433
87982 90181 97487 59415
-68825 -38722 -50551 90032
99134 43181 98506 90415
99708 59999 -12297 75776
80154 68977 91309 42587
-23382 44266 8860 -9211
77685 69086 64285 90930
-94583 -51476 -95820 -37525
95528 38839 97525 97490
-1360 -47643 80928 -26621
4310 17955 70888 34225
74570 20853 -7722 12350
18657 9097 63827 89126
22071 33149 -40528 28398
41888 36610 92393 28577
-98976 54552 26087 60099
657 48566 80952 77017
92735 -91298 -53195 -55805
75266 23428 88954 52528
-19593 -22197 89672 -6445
5000 22325 60997 38283
-66127 -65421 79334 87334
88421 48159 94985 22957
-91761 -92972 67716 -11850
3662 75482 50399 76217
-1173 86506 76364 -88263
42491 23172 70037 73537
28828 7280 55856 -78341
63970 25352 87665 95511
49517 13083 74112 -6506
91638 4667 9364 31489
-34154 -39875 6141 -92538
34969 90636 16170 11956
-62760 26814 94314 -13886
60183 46039 26969 1535
-32621 11790 50109 34673
84264 95735 74548 74295
4313 53198 99355 57793
78468 88156 960 82933
23286 75358 40140 22181
72761 33990 50323 10050
-9954 68364 -35624 23919
56289 25844 93469 51238
74976 20019 26343 -61956
65981 32475 53666 68011
46912 -61729 -56868 65002
83174 49207 49718 5216
92377 57472 38957 -76125
13933 66797 12496 93418
48153 -75474 -25393 85948
72305 50030 64029 69559
-52160 -6424 84280 18902
93010 73480 92726 27583
34140 -42723 -32557 10431
80710 24220 85905 77690
29391 -38270 27667 2671
96180 58743 9095 13899
-37088 -52386 58232 55710
92373 30 98433 9663
67279 -29649 22351 57464
51742 87330 12086 47515
19915 -43881 75634 54387
12722 23287 6773 39643
86742 -90244 -10139 52063
77418 36353 81712 85269
5404 26799 -54819 40435
91087 40853 669 2450
74802 45562 63610 95960
66704 96911 2557 69829
18816 -821 -3605 46579
25361 61528 73378 34447
-64045 -23787 75551 21386
50353 99426 66948 64794
-68506 46092 79664 88820
98480 54166 5994 86354
8437 99484 6312 19017
86709 25165 59156 91608
1745 67422 96295 80559
64801 25676 26652 46571
-58925 20172 74089 3566
98878 55812 3050 85196
-53333 65186 63370 -95568
65115 86141 79342 82639
44263 -63590 6202 91631
65128 78257 11804 94571
-34683 -51225 17540 68972
87226 40634 34158 65725
-90952 85472 -73339 75883
17603 47661 55825 87542
-82339 -35344 -7330 29294
42013 60757 80519 48860
-33292 -81876 51990 10635
59295 41598 96107 52741
80570 -32540 -801 14800
99492 15609 66496 76440
12763 81304 2606 -84523
52251 64349 82751 42530
46704 91986 -65625 19591
62547 22407 68484 7131
4919 39053 -88427 -59819
17543 37581 41123 23768
87639 92438 -7394 -84680
54098 4486 93018 58752
54098 49010 63179 -16066
68098 94425 71472 4978
86966 16748 22272 -81086
9912 65159 89877 61900
41197 -43003 55951 48498
10049 29154 13861 2906
-70003 76784 -6797 63633
10115 46560 80381 51014
20897 -95097 -38329 91313
95879 52634 34316 57914
68775 34986 -36626 -6616
6629 89569 99752 87409
-81515 22833 -47776 29613
85026 22300 41062 3786
30763 -56508 29416 91982
14544 53540 43320 28826
-97565 -29499 -51546 -99853
33062 84303 22686 93842
-96534 49810 -80869 -95815
27984 48696 52324 11382
99451 -25361 63037 75861
60602 5981 5360 64088
38620 23293 -86628 87708
83162 56942 53870 1996
7466 98500 66487 -83332
82290 45950 8693 51633
62880 -2293 32854 -75444
71475 30323 98738 10751
15873 16465 -68681 59683
92499 48977 74535 65014
-769 -14107 -73391 -88411
52623 9587 7057 37836
73439 46620 -28371 53418
60596 88534 69883 49764
4697 -66067 -335 85490
17457 12132 15949 80529
81690 -38147 92349 66422
82140 21968 13043 2255
86766 10936 58260 -65220
62957 19204 31287 32983
-78721 -36997 67127 -92728
65169 19170 47227 72798
-39563 93660 68616 28223
55382 84292 55511 47035
32563 -21862 -59895 -87660
54968 22376 41009 62173
74887 -54673 18481 21929
74396 83044 31942 52280
-44209 39747 -52366 -3759
1281 31742 41973 69401
-13171 62958 14422 -57755
5661 29090 28780 16071
72603 -38320 -69942 -40012
30504 3807 79759 75358
82894 90158 -21090 -22626
50614 32973 1937 18865
-43421 -69409 5400 -52786
78004 39833 7458 66356
14410 -56631 86128 23446
85374 27458 13605 10
73165 31867 -40926 -86238
699 43705 72000 89562
73832 -43461 49807 72497
80569 32538 29128 15139
-77470 20392 -68542 -2533
41707 75743 34400 80550
1485 -33720 -55140 -10647
45325 81983 70461 91694
-96630 45063 -93320 -80538
87142 31492 930 8422
-37685 -58094 -61708 -62802
79545 21784 96522 41087
36157 38602 -38548 -98986
51530 10840 44049 97051
-36956 7654 -94872 -68482
32557 76088 26576 62337
65220 33694 38014 -80282
90523 42869 35236 25015
81884 49299 -754 -13236
37710 40292 37242 6158
-86023 67721 17569 -16260
82790 87902 49955 86147
-41089 16439 -18017 -65375
99901 14511 14674 8978
77377 -52976 92161 -52833
94536 50127 36906 72999
83316 -66839 -55567 -13486
13008 35767 46277 96966
-20435 70037 -9719 50212
87096 33934 19540 21117
78674 -20631 -27208 -12851
10525 99242 79690 14447
32676 -84169 90563 54931
27351 76180 41320 62297
-36688 72996 -48401 -13069
43428 84416 50052 88582
43682 38502 81123 46790
30151 97235 30960 14946
28447 31502 -27549 90528
80589 39013 79876 67563
-73990 -47194 47036 -86384
7071 37209 41238 82700
-10539 -64835 60450 11926
5250 82362 43428 9878
-53579 -6853 -96634 12711
86977 4105 76257 61736
-12034 -74565 5710 16632
16249 3107 81467 40376
-77601 -85160 12082 -86227
82014 11796 9433 90958
-16554 95407 79927 71801
8313 37967 62718 90260
36335 -92631 4712 19353
82313 1662 4513 58628
-99551 -12110 70641 52481
87195 23090 47889 7854
37736 -27682 -58726 35733
11414 41187 28364 50857
77724 -44564 -74723 25834
90626 64401 37945 18325
-57366 -38589 -35047 99826
72784 58803 43860 64840
-78155 61648 45290 97946
39366 99067 58863 35104
-78408 -80768 15235 10555
72601 86251 49144 69410
28291 -10435 29448 53681
23956 92200 15329 59651
-27834 9560 49164 -17043
27572 21955 97811 86733
-13256 -42496 79136 -53510
7428 13846 80297 10875
-71924 -67250 79885 34319
24071 33555 43880 67324
4896 26644 98530 96746
11786 43370 55594 27645
-83852 -46286 -77805 57344
49730 54421 40947 30207
-84200 -74729 24758 33179
46007 42772 76175 89210
-5904 -69440 -57902 -4485
58106 10946 67123 55804
40637 54833 -70448 -62069
71000 82271 53150 5108
11556 69388 -14462 11983
36718 77259 81423 2345
-94861 -25972 6657 10911
47294 27630 65744 75057
-67137 -69078 -6628 -89141
18184 28825 74882 88865
49833 -96358 -98623 11310
93485 54589 37283 15644
-35412 24893 -92300 -61120
75789 53428 46550 41549
-20737 -78241 -21924 -25554
88109 658 38264 31554
53319 -9118 -96499 85506
48263 51318 10399 11305
-26701 52111 35328 -40186
72417 57055 34779 54683
34589 67089 34853 50880
4524 74211 59999 28784
1114 35326 -41042 -45107
84096 51761 97218 64225
7231 92210 -71894 -59617
22835 43483 43058 58082
58053 99213 85314 -35680
2780 58641 71006 71564
17638 131 -30242 5545
53825 17824 97756 34463
61002 -28906 53491 99174
11544 28656 98388 60161
-42738 33102 66848 -33766
838 54042 50250 2942
-30959 -54461 22596 -71206
83598 99356 113 4435
3454 -80744 -34702 62432
77440 69451 11886 95171
32904 53489 -95539 -87582
42850 81272 42043 7986
-47319 -3818 -95657 15875
15463 28215 96619 63925
53877 56709 -54595 -92331
87500 13522 45820 74446
34956 68264 -20424 -36448
67744 71794 56618 30772
-64872 99267 59619 88709
29848 22254 61770 69528
-46355 64350 24031 -1642
58988 17177 69906 91568
-62508 21698 987 -18107
82211 15469 33726 8003
-13271 -21288 -91186 -12376
37541 69027 93078 30122
48226 68399 -18023 19358
80532 20688 57408 31187
-26230 -20239 99372 -49492
12644 41306 70780 64522
77949 -86386 -69976 56387
18202 64626 41138 99958
17458 -63181 -9428 -76174
35658 60014 96414 10062
24656 -4735 30334 31160
24635 62507 17546 87964
34055 67037 1842 -97683
19300 35368 77216 57446
87937 13159 46387 40042
71043 82775 44777 69710
-30386 -54097 18417 41728
68824 19117 8766 83858
8466 40259 -75109 21335
63046 64030 34495 43702
57716 -97813 -44874 86306
75260 68394 40403 84506
98817 -88339 -51352 38893
59818 86442 95504 20005
-25913 -57302 -92187 -361
66256 1101 14526 6748
82050 -53939 -49809 86311
48626 64680 91002 82912
-79552 92203 -33661 -60250
75927 86252 17553 65871
-18557 -61048 -97111 -98337
95513 93554 52277 78661
7074 -8342 -72326 -4139
51878 45764 96342 34225
24902 71704 -28380 5946
63290 20160 66994 99300
51142 -45488 -82619 4412
89693 21825 12754 61448
20360 62382 -61929 61902
3183 23786 33606 14337
87534 -31809 -3630 57669
71125 61451 3157 32173
-43658 33764 49339 -75986
86052 93503 38368 52176
-51327 -74967 -64037 -43633
51571 42292 91794 75617
39255 -33400 69147 44777
29157 2159 94893 10992
-6457 -53902 -25347 71744
93026 52861 46711 84492
-52368 84821 -36271 -73287
91879 42780 6687 92586
88613 57436 -48609 -74974
55066 71759 45229 55027
-67660 6484 89835 70124
42203 68158 54945 53215
-48088 12661 -49542 35500
38155 58962 92936 61631
77717 -62638 -98187 62934
82199 77140 85770 19072
9451 -41882 -60494 -98392
8582 37953 11053 15802
32652 -58355 -60591 -15538
54660 72944 94528 20488
28545 -86034 85544 5365
94996 10655 47247 72606
58697 -96083 -98403 -16850
31055 95892 75205 39021
95191 27495 -65439 88323
10336 47757 74358 48726
-79465 44650 -17690 -77622
76388 20958 90057 89390
18295 -66768 -97797 3375
9341 93053 47223 93829
-11558 -1533 -56510 8970
52327 4350 69972 58800
-3580 -14780 -42831 43899
77479 26763 27019 8019
65512 -50254 74969 49762
86528 42587 51295 62196
-1554 -84129 -41138 44296
44718 12055 75429 85608
79600 48718 72878 63628
38390 835 13882 13308
74317 -78685 47069 48707
48623 28399 32836 70879
92118 30607 6956 75412
2908 62074 24130 41976
-97219 -6046 35839 -90212
26508 15128 68897 59765
26130 -27172 57661 40418
66131 62283 87377 86656
19944 4852 -2551 -66026
16123 68784 72072 30530
7779 -47484 5991 17809
48473 32074 44981 3002
75737 -55866 -63501 -23611
83445 20943 44815 98167
91643 72322 -52617 -14107
60396 56298 61591 16008
85193 10762 95150 -23354
70887 6240 95572 25259
54446 69538 -10038 31589
1682 48250 20263 94814
39467 77616 86865 -74406
72058 27441 1520 89325
47988 9831 -8251 -23969
62697 313 9859 70791
-93916 -28386 -38995 -59385
94814 48473 37001 90579
-46977 7396 -82857 13362
30845 42104 23193 1425
74635 -29405 51605 -1653
61873 35281 30039 4039
-69591 69091 -33130 -69755
80108 57360 77151 54526
6577 -87415 7433 -15389
82069 46939 61146 73370
-77694 76770 21414 3604
91005 76938 72695 25421
65069 -90177 88680 78999
95257 45296 82766 43938
87958 67502 36825 -66146
30872 32247 42916 43847
40077 61018 -36498 -43437
1568 81616 49966 40349
-11021 -81905 18466 -41751
22777 17875 25605 74026
82830 -1925 83088 -1443
39518 9576 62461 72886
-48901 63994 -66289 -33518
93662 56396 15424 66332
57620 97640 66392 -62900
49222 44543 64825 97004
26950 83501 -60908 15304
26162 89062 95651 73032
16347 -65366 38326 -63958
12298 88837 77950 20498
65969 -20804 -64576 -70847
7878 16255 54349 77108
10736 -19677 4415 87854
37114 15612 53220 26210
-1270 -98941 84471 61689
50440 19189 82493 77304
16653 24347 -18852 26423
45941 26572 46101 62092
55162 -84454 -19519 -73769
20789 17184 72710 27249
8501 -68447 -87783 60512
20788 26607 1211 53696
19019 7752 58924 -92930
14087 36143 93736 17565
-20752 -92803 80396 -72296
88897 41694 57096 49292
19199 -66617 -27367 40322
46386 33137 48074 91977
34271 -22500 -94996 -58780
15749 31400 67935 70038
4340 -17046 -99430 -8216
34982 8846 91185 13492
-27851 -98952 -18241 -85753
68864 92190 8254 55630
-64672 -19287 -98697 24221
19389 31660 57620 81776
-40310 -82424 97529 18075
25380 66083 17027 2720
-24309 -53188 13080 -20038
77752 55932 39325 90176
-28651 -90371 88370 40457
45032 78491 39234 10541
51503 -17753 -61996 -18263
86305 41652 87803 19157
-29326 48836 -78520 -72592
23523 69762 62964 16538
-51463 -3165 12582 -22328
80437 75027 56433 14375
93259 -23328 53146 5995
82472 98032 54831 84082
10196 16428 -19639 54443
87454 22667 73960 33761
20370 32038 28875 32420
38486 11756 72101 73398
-30938 47374 66929 -38228
77125 88131 71008 73435
-36679 -11577 -18190 -10947
54913 34132 59337 50310
5751 1493 87536 82409
34826 86989 46135 80149
-77591 47395 5738 -6197
42417 81413 17774 18116
79465 70868 4753 92956
26856 36614 10801 60715
-18397 -58976 -5611 -92008
83202 73855 39403 65277
76585 22011 -5601 90306
1418 85542 61174 31367
82353 33503 51477 -59469
86226 53694 18446 7964
73924 -58860 55727 43725
48664 11964 65736 23015
-22215 18984 74495 -30757
73201 91027 64260 8520
-74831 -45082 2788 -4183
76712 69370 63043 24491
3532 -6466 50304 33063
88871 59154 68399 12981
18751 -23202 40702 84987
15533 16065 30070 60411
99468 -11917 43989 -42992
63873 37329 49458 79370
95291 92857 13537 -20799
32288 82280 60353 74771
-8428 71220 6181 76050
22001 28929 4319 7192
-57080 53143 32347 -98394
27639 94003 7603 14788
-29793 56181 95941 -84112
20721 7063 55332 61567
-3315 35246 -58289 -21514
31721 25327 91009 26130
39875 -1666 48480 -57771
94625 52042 30304 39403
61257 85056 -78847 97917
98514 16945 33163 30758
-91953 -23307 59633 91308
15861 23017 92974 66092
9428 82475 -86872 -42157
64481 61745 43566 49153
-6541 -55458 -96585 -31424
88539 71192 71083 22172
36872 -63038 -22806 -64091
48586 2050 62918 26409
-1148 -69755 28484 -36189
51378 65979 91647 91216
-94215 67455 10076 12585
63301 35811 91975 55895
53810 -23556 -99257 77486
16757 51235 47241 96003
-66149 -47450 -23840 -27397
18055 94011 11204 99815
-17184 -93 20727 -44317
74537 75974 67873 63101
34190 8341 87828 -14201
70330 52888 78003 18810
-33022 11136 73764 80177
7300 56055 80270 76647
-36258 -67672 88837 20168
39379 71361 44861 57509
65557 -29519 -66066 -27878
99088 27241 55366 58825
82669 24657 -35625 15507
71884 22269 99531 469
30304 83190 81851 77207
47408 28762 23078 82206
-87760 10268 -65451 48711
48121 40800 73369 86845
-91026 -64662 18235 57106
48540 2120 56649 66557
13700 -47732 -83195 -53642
87307 56375 80262 35013
82060 86300 -73446 15638
80824 24554 80300 10471
45431 -7681 -40579 64227
54279 50707 28311 13094
-74602 -53914 79703 85508
61763 5356 88160 975
-94010 -75978 -96914 -61353
58698 70380 85387 38954
75978 65238 47845 -9644
38799 77773 63558 86128
-68837 35591 -76149 -85700
70159 69532 61679 88723
48129 41497 51816 45820
44146 16336 11058 87183
22095 19332 -76737 90048
61927 9802 41991 52473
94909 72463 -16204 -63593
80685 60319 21442 15546
18245 -72633 88777 15115
10872 89348 50799 27092
-72612 -44365 -59131 -1070
70392 67715 73533 51186
-67423 80957 36221 -72582
70818 74222 61568 21752
54089 73871 4018 42227
92983 34455 2944 91749
-16134 96683 -82704 474
50128 62649 97783 94223
-10639 2393 -44725 64213
15166 77364 54437 74956
-71752 90717 -36480 48850
68966 75286 45533 69168
93403 -24471 -83778 -3978
94417 34555 6371 79279
46868 10799 -14282 38319
86034 19291 45388 8594
44207 41089 -19330 -93837
29085 12604 34660 1489
-86058 -90800 28191 16246
91412 46276 27046 31996
-29153 62945 -32056 20567
76263 61688 78009 12109
4619 -26456 56958 -13606
43016 66118 20758 79982
23541 -2073 -39626 -46728
68780 20737 9673 33576
97565 -45409 48505 -56624
53124 96169 99433 70347
43731 12496 21063 -20510
60957 5058 38936 30775
89358 13465 3529 95593
1094 17537 57354 76699
-31224 -35518 49109 -13225
9192 22523 25721 19041
34551 20896 11191 84294
549 61878 14111 26997
61153 -82853 -96296 93789
43872 41933 29307 87618
-67877 16586 42916 66692
77467 7882 3940 33428
-88315 35975 31834 -48305
9339 1914 47510 20734
-23415 58435 -60182 89094
28060 46896 22032 34813
-74011 83631 -38149 17320
42816 51134 53295 9361
32620 -25012 -5177 -65449
44944 76621 23884 26645
-69937 81216 54124 39349
44487 66590 22980 26381
56391 63907 -29701 -6847
78673 47287 48211 29559
-10310 -13760 35244 40087
21533 88849 37655 54718
86388 3812 -33399 -74069
89791 22951 54328 13669
-27597 -47677 -85079 43700
95389 4949 57460 98673
-14218 -61727 9120 -95096
95508 26865 15260 64839
61806 -66408 -9589 70114
53538 33297 17792 44774
-11381 -30118 -62286 72876
92856 255 34604 28627
67402 21236 55336 87236
33494 57687 53644 34604
-50073 37166 -38863 -34451
66596 86766 80921 99278
26064 58261 23111 68399
90513 43316 5987 1132
-8414 48499 58365 49730
24791 20526 86896 40865
68837 -42337 72589 -21008
15005 30123 95622 57677
-15215 -76451 48415 89888
56829 98656 54739 39282
-54194 -98165 75909 -50462
44746 47051 92800 16701
-50768 -34646 66036 66829
97603 51103 43280 72486
-37215 -72699 -33465 9246
87660 994 23763 62381
79145 54353 -21995 -62189
72763 41468 96835 86358
-5510 21459 96467 -72483
33683 72672 61534 85907
-73515 10150 18916 67764
98061 18078 38469 40610
-9524 29189 -99634 -91201
21496 68735 12660 94461
22958 -31590 44830 18121
34697 12650 44623 25559
-33506 62331 -48145 8010
57669 5740 37200 41365
-69100 -59574 45227 35742
84537 53683 67332 80168
84829 49563 59264 -61749
92770 1149 24081 60707
-27022 23315 5917 87193
75017 97247 46768 29205
-17155 43364 48632 -2056
33461 70878 67971 63645
-59445 -39265 65827 -9889
9202 68689 33205 58317
97886 -82328 8630 86664
25786 9185 46380 12977
86264 7630 -15709 3637
75154 13022 42902 52101
59226 88051 11548 -35226
25786 24583 33907 37271
61792 75351 86667 -45146
72932 36066 52777 46426
40404 43281 -9317 48628
68543 90078 53031 12811
-32104 27412 98296 6252
76441 37675 81604 63770
-86284 97274 -78046 6829
18450 10116 66463 88229
-78198 4329 -89888 -86254
21992 81530 30018 95031
-27405 -72619 -99240 -89423
1876 61659 3049 56931
63102 -90859 46575 -25357
24773 15945 46038 9401
-79531 60530 25673 -73591
53079 73198 62563 18159
-15305 -90666 -26984 49373
90086 27710 56584 96009
35673 -15411 -83757 -6508
63288 20468 67039 40701
38953 -31924 9559 -17293
24864 74018 7959 34532
-71909 7441 56842 -90256
92515 57521 5667 76837
-46832 -20918 -50385 46145
5690 24967 78070 17841
44506 -75743 -59445 -35879
47706 26885 59672 63677
79474 -92594 75953 -10977
39137 69130 48247 22789
42570 25205 -79709 -18417
24215 10884 10512 59091
37140 -50740 -87346 64105
66821 1055 56700 20168
42484 -32498 -95745 -47481
38316 56927 89038 22206
-64788 77203 -67487 -95057
4628 63969 45797 68654
76567 34488 -5811 70983
64647 18507 3482 92613
-75122 -68920 45484 -85037
10272 64453 78592 2296
31238 -52921 43151 79227
36070 87038 30067 13693
-17428 -73849 4510 82892
95984 22909 68164 44385
-75643 -95018 -24366 4741
71957 11021 57662 99868
-11941 6595 -25515 -8182
42943 37668 98383 95231
81198 70867 -62639 5206
38282 61027 224 94731
-13891 -73703 -73487 11789
85428 85371 34736 760
-71376 -70181 -23678 -279
4876 76239 71147 25336
2752 -77161 47119 -81877
77362 4069 71932 18627
-61856 -95688 81504 74465
69232 21743 44646 10980
26411 -66650 -98759 -41529
1511 55233 35043 97994
-39639 -12418 -68156 53968
46364 94165 66009 9943
62458 -44901 61759 -62327
4522 99846 45329 23524
70019 -16468 -16449 -76660
72440 10686 89079 32501
36476 57911 -68830 22663
47640 84967 83917 48194
-56151 67600 72202 54602
58573 72531 87422 178
-18236 -61420 65917 40470
18746 96743 14733 65740
98940 29566 -72320 -63338
44823 20985 30939 820
38416 -68112 59196 -99927
93785 61481 77699 39060
-87973 -62496 -10615 -82993
9556 32992 28911 26168
-23023 -66488 -53149 -69899
91565 55435 54364 2512
22654 24768 12843 -44238
816 59710 6734 18236
-51323 96234 46493 -5979
69516 28260 72467 29877
-56128 -89327 54140 -58898
93147 10631 83667 93634
-47495 -40642 -60959 -93884
28634 92812 90118 12949
28872 -25173 -24100 -71246
96580 87531 60574 24495
68766 67522 67060 19224
30908 15381 76218 54466
-51449 -21326 71172 16270
44 2260 57795 73528
-45550 22940 38053 91104
6819 47180 58627 2568
36136 -77853 14363 76914
82164 13373 14592 59129
65220 941 -65898 10192
11448 51948 49484 44529
13271 -13172 26965 7396
79453 53885 85249 63674
-50272 -66764 55181 64542
36753 33996 65483 20585
72657 11343 80261 30959
9884 40563 44131 86687
-76224 -63333 -12037 14710
62310 67596 97827 42307
40072 -92234 5037 73964
77694 59948 85307 18652
57532 66445 10094 -81975
86319 79920 45308 16429
-88668 70620 -45318 11745
85391 36129 3979 75812
33150 -18861 -35083 49659
8968 3476 16104 23415
1940 16242 83403 73819
72071 12866 44439 44687
73718 -59928 -76763 -67367
9913 1868 2580 19363
56446 -62271 -1478 6197
3419 23782 22439 1632
87814 95609 36242 -75218
26312 13081 51498 52512
-3590 16110 -38812 75113
11610 20848 37385 87884
-55776 -58449 -32873 19447
37040 51884 15056 54073
-55353 30791 -97141 90982
731 19535 23444 22541
75270 -69957 -51391 51148
23519 68275 9598 19429
69679 70893 -70285 -42394
41990 54257 73185 26776
-56489 84833 -41203 -50723
16473 37732 37032 28943
-11225 -12643 22394 29706
8425 3654 599 46341
25565 -15930 -61921 -63924
34762 93169 65109 27138
88835 67198 31245 -32043
58823 25290 44687 71028
-9464 -56109 -17685 87057
59602 91187 19339 55776
-78398 -4223 1161 22292
6348 25575 5843 32915
-34689 48347 25998 24015
35462 36461 80124 64932
-98927 13748 -87681 -75927
82431 38280 80150 70350
27863 62141 -31190 59315
65879 76368 7662 42210
-43390 54180 62701 -33998
77981 87453 64098 84447
-66327 -73917 56876 -60401
1092 69615 38894 70882
50303 83036 54212 -61741
97602 24175 32273 93805
-67737 81209 8254 46677
74581 42383 36947 95540
-97567 352 -27540 -691
77843 34136 83727 20867
-25325 -18654 -31234 69080
98971 56615 50290 70514
32299 -72154 -70491 -73942
84410 56340 90646 67944
-94585 78075 68714 -49773
10391 14255 68427 76243
97238 44460 11965 51426
44264 64871 23580 18947
-91275 19772 16240 -47847
10825 72703 25922 55898
41217 68160 -6802 17313
4040 6078 78125 74246
-9452 -78660 49253 26037
56880 23201 62161 20847
66229 -50266 -27320 -13053
84889 44539 97565 56713
58320 -55381 68504 15147
77956 71652 93807 68632
7767 10489 -56831 -70409
23060 32734 37027 94697
-59543 -44944 -21668 55423
79988 92036 27156 77091
-73136 -38496 -2398 -98397
10165 18150 25238 41133
72926 -14393 -64921 -82066
24464 33193 27010 44898
45020 51201 -43829 13948
16965 20531 68796 94457
92277 -49446 34444 1760
7370 34825 16153 13030
-25244 56914 54811 -29650
99831 18485 97203 53239
25496 95632 -52336 -1661
44613 15648 51108 71392
74391 -73815 89305 -41667
30901 14647 14934 5690
-16746 -85642 -48896 30251
90744 38773 42235 53124
48677 -52074 -22246 -30771
12989 96618 4586 38558
24136 -33177 95160 24594
28258 6912 10236 79842
-65469 46552 -68681 11703
17358 87167 63777 98036
3595 38754 49746 2489
73882 57539 35666 29018
90885 -97309 80200 -69957
45669 19949 32862 66264
-48891 22341 -74449 78175
78044 65537 16929 94610
94242 21869 49117 37184
56354 20851 50846 70504
44350 63073 89675 85634
54918 23656 7975 7328
44704 92502 18785 -41876
13027 84211 80098 97513
-30985 22386 1895 -69240
46245 66056 32313 26897
78002 27002 36858 -16116
81562 52538 8618 91804
95730 -702 46482 62325
77468 49265 1064 45657
-10306 97406 -79915 48446
57917 69538 91800 59576
-42482 4310 -17015 -66343
29098 78851 67046 41743
65261 2801 -21485 -82039
31791 12412 95797 8154
36452 -50244 -48400 45090
7234 34570 49400 2255
61867 -80683 -51996 66051
33610 59200 85205 64488
66367 12476 58676 -87458
95128 9934 37703 33822
-80228 -81921 -28313 -82735
90180 85478 79771 30898
18550 87437 -98506 74787
81226 31157 3615 60005
40598 -1314 -1519 -25219
98099 14049 23492 29249
-24020 -48894 -91755 -63325
26657 9445 50762 4407
-35392 -5530 99162 72734
39760 45703 74048 6644
-25537 61673 -71707 -14652
95727 19259 63546 5226
-76042 54024 35666 26143
71058 70330 31673 53959
-29913 25604 -17094 -39191
42631 96816 17216 98569
24491 80603 -93119 71116
85513 87084 25140 71000
-99924 -10160 -61521 56098
91434 7165 81702 67051
30302 -83242 -39810 11994
80653 27736 92597 24403
94778 -22720 -37012 -20965
36936 23568 31125 23542
-11597 -92876 -77694 59373
7997 15225 58967 51467
-57130 52041 -72410 38425
83540 88317 77497 65403
87569 -62266 -50197 -28932
78146 81801 38160 13260
14440 83844 31600 -17405
5082 15125 69447 6300
-62244 71076 38574 75890
26144 71903 54508 69986
56669 -16599 -37078 -97965
67870 18845 81810 13888
-17122 71880 17092 52487
95688 55610 39916 46249
92747 -36681 9352 19456
66021 21937 36055 4491
65915 43238 84267 -51559
17741 21123 23439 82692
-17972 -50256 75096 -84120
84195 67702 20801 65198
-43820 -43076 37062 24772
2977 66376 84362 4090
57840 1088 -11793 49884
29765 18961 16492 19700
45702 -94604 -57325 90459
1145 60809 49887 66902
97454 17201 8741 47178
66582 9645 48267 78250
-32048 -67555 60978 -77770
6681 23780 72374 36437
-48529 -98603 93135 -23562
90590 89885 57115 87125
-94759 81560 -98922 -25842
30970 4296 93397 14683
97005 88308 -64828 34596
29709 67994 33199 39048
15057 68071 -36078 -36273
47189 5852 17833 51593
-93996 52097 -3537 -96271
16894 59234 84579 54032
-25677 -70123 38180 -87504
69589 4487 55576 90884
27124 4107 -61342 -54103
71690 65840 6200 86335
72980 -86271 -83538 -88980
25567 61636 75456 35590
-980 -85758 95022 -95088
22147 36503 99195 71475
87600 -85888 -48130 39169
37463 71181 41792 86029
14800 -80286 50466 -8957
67798 55323 94715 89617
4061 5196 -253 -54762
4205 18602 40650 73997
29225 -20548 -87662 71478
2463 97939 68116 95252
345 32555 -15277 -38717
35690 39582 43914 76255
36938 60392 -88019 54977
33596 80259 75525 34002
98455 -86736 -89949 -77504
90294 18902 10059 62314
64936 86221 -61297 -77057
14587 26197 53801 86480
-20894 64164 33335 85426
31790 36351 88515 44536
-3207 -32946 48452 -5344
13388 28996 7918 50610
86746 21233 -97820 59864
35066 65522 24029 36219
38548 63351 42864 -33904
46072 29928 83202 885
-94815 -24472 14148 -63160
17246 19101 745 46542
24810 68339 30436 -21894
85336 75260 85246 92939
-9486 80548 -26398 -50499
21213 4016 74971 77728
-66406 -35410 41634 35133
66444 4712 3472 89481
-40735 -53188 12974 50471
22460 89323 31020 78226
28806 53286 -20049 -67338
86455 4606 19100 88314
-17405 45389 43272 -6321
84007 46246 59509 16354
-21989 98032 -14197 59737
59355 4984 29375 8529
93093 27840 11320 60292
28725 39602 22033 83547
-56903 -83233 -65730 95074
87719 99117 93107 31735
-69366 -89022 -37199 32088
30292 89771 59928 27991
92435 46168 -26668 31264
83572 35936 30850 19426
-63141 -5737 -7607 -91925
93325 28944 80947 84028
94850 -96435 92396 -85712
84832 45414 31881 33222
-77948 -88358 -28040 -31902
91182 22285 37639 69792
-75111 39570 59016 -2902
53867 56066 15689 54840
-56468 49646 -88786 -6668
83086 80059 95027 13323
19163 15633 -82865 -87693
57976 63495 27263 78384
-67213 -92731 13328 4445
69796 4476 70444 88030
-69664 -9053 22429 -90527
41593 83953 22512 99393
-24290 -41147 -30701 26650
97914 33521 35733 37545
99656 16645 28787 46451
98451 48430 55504 80879
94232 -28804 -10270 -45004
34561 31636 2503 38699
-38386 92956 -33786 -35109
49794 5197 68107 70279
-5486 48787 -4939 -41128
99172 33776 86284 77358
30834 -94960 57570 73865
95956 48064 66821 84216
-30027 -47996 -3785 -1912
9271 67711 50700 79540
-13070 -88174 23304 -7246
70491 36951 2206 65666
68569 6829 22704 -14835
52732 26724 79183 4308
13811 56132 -73273 -86877
86343 72692 91403 49542
73288 -82840 58994 -21112
43915 4389 27941 60548
35339 96177 70919 -25276
1082 23059 81409 98957
-17081 -99027 -93589 -18475
66877 21710 1315 93468
66173 -40972 -75226 14007
26917 9608 10185 5333
27023 14314 -28370 62766
61804 31809 78145 67930
-43067 8628 -4072 -78187
70245 49381 19159 57159
53384 -67876 81351 76224
8374 20171 90538 58456
20161 -43049 -32072 93721
91491 13736 2349 72621
-20797 -4405 -69968 -27489
23352 32731 95366 2697
-84927 -38809 -2164 2696
38678 51192 45745 7000
-56725 91107 19422 20974
40220 14537 25379 43102
3296 -40562 65958 66461
67237 54885 5270 88688
-35240 -12080 -37129 -2400
10206 36154 93507 13372
-57236 -12148 -76077 72631
79373 42195 13193 15400
72805 -91742 -19836 -17444
55076 4518 29524 57860
-64957 -68206 53768 -73039
27356 32276 85188 99130
-56791 -87727 -17659 -39843
6816 34046 31585 50859
-44720 25311 -14180 7238
95489 59784 91797 96600
-89727 57260 -87531 46710
60674 60857 50789 76012
-70269 1685 63793 -74550
8513 37199 99861 74103
83032 -63220 -89491 -89072
79218 78516 46333 17574
19076 -26722 31426 -74801
1695 34942 76486 22363
45382 23600 -96774 83017
96158 11749 46238 55327
-38762 80459 -7084 99678
26160 95022 26400 22445
-45486 44495 -90085 -11867
51820 80123 51819 67106
65875 89408 -12713 78865
51476 21838 75676 85106
6413 -71435 27536 44235
89375 7480 88731 86155
71941 65737 66194 28962
32069 99319 34722 26046
-95809 79860 -96939 62923
3352 66103 34358 21140
-28239 99367 54106 -49637
26048 99897 31726 94465
-80922 14513 74502 8625
70311 78174 4838 4311
86157 -94818 -1593 -78604
46184 97685 77971 98256
-79846 10544 95971 78539
93245 44788 93053 89838
-49964 -5954 19654 19604
22163 77500 30774 90775
63084 -41629 -47351 45266
27197 4130 72162 23293
-77171 -9699 11237 -57602
77554 30706 79908 22045
-90173 88875 5128 -79470
84564 65382 21100 61686
-77337 -72635 -95466 -97922
88989 30465 23973 27301
-39863 35608 81163 37281
87688 48359 42508 71714
54863 -54403 88636 -65683
65974 55746 54671 63794
66951 -56554 -18393 71823
58257 1462 23783 45178
14141 -86666 -41320 -32339
96183 25916 3094 32781
19184 -96879 69487 42496
52791 71445 99050 66559
-99258 -48095 -62166 -16050
76307 92086 19068 55159
-93800 -62294 -6944 66973
42481 26243 63852 33764
57229 -48522 -91662 18513
7272 69816 66608 24345
-76234 40993 -75815 -34431
69615 16354 13077 5683
-24504 82131 52861 62830
10091 24859 27704 55117
-59138 -40146 -56591 93640
49177 37590 34633 33850
47137 99372 97710 -3141
38566 10417 1625 5665
-33872 -6073 -96200 91606
71690 51173 31752 16996
-12596 -73294 -45269 -79944
92406 8129 95668 72249
33428 44405 93368 -39828
43592 34918 45901 2324
7092 -19161 -25683 -98734
54631 46794 72028 4817
-79172 17174 13134 -9492
46562 13871 70249 6760
36672 -67183 -92489 -35413
15934 63438 70927 6904
23437 -60104 77667 -11351
73191 98739 28526 76845
50654 58436 89291 -88116
25963 28136 55299 30257
24807 52911 -52950 10071
92739 81806 86528 79322
84154 -49016 35552 94767
86206 44903 53203 50731
-34751 76509 10498 -16216
35306 88789 85480 56256
61647 67182 69207 19278
53361 69883 68295 36255
10508 -7993 16929 -89605
51680 30275 82466 47271
89233 92431 -65319 68818
26967 31367 52352 86772
-15209 70288 -90698 6879
1206 70269 31224 56618
-22652 55230 45042 93701
50627 82340 2484 61353
-51172 90979 98876 99465
14085 154 86105 15530
-9000 92059 86338 66467
8990 43956 38049 61918
-40550 55977 74455 86903
41979 80206 77882 40870
-55633 -9520 -42793 -62992
68146 80163 55051 63767
36432 91844 84636 -85739
25187 42085 58069 64430
-91752 74872 -29215 -83745
1200 88782 9617 73340
-51019 16074 -7736 30388
44169 26428 22232 40910
92346 52604 1070 -83675
9174 84719 58547 97485
-6994 -31486 -7199 43704
58218 57512 76130 22104
-55972 -25769 -91076 9817
83422 26033 62421 34205
95807 52630 -92780 10812
99774 64049 42299 95551
-63478 45818 -31738 -18942
4062 36767 61064 2814
44095 -11266 -7757 29936
3565 79704 98918 443
65385 -88611 -69907 -33386
49737 56122 95556 87079
-79830 8274 83437 -60793
43885 56424 88411 30365
-66586 84099 75571 -35128
57308 95798 23739 19446
24254 -31794 -81092 940
60923 41247 25566 10224
-53006 84921 75780 89965
42367 8292 74064 5010
-58606 -73876 80229 69166
20835 78859 961 33915
-36186 37227 76773 34822
29780 34821 19743 55563
67734 -85672 19592 -92595
94550 63524 82823 81659
-92498 -80941 -51787 64014
4325 66064 1241 98111
-65044 72618 69028 43171
36763 90061 28843 45494
35878 36907 -37264 75860
46115 85745 56802 50177
-88011 58209 31784 -13265
96828 5605 2235 13046
-46768 44101 1412 79186
53642 44036 16094 69397
-51013 43767 -2059 -90642
6422 8135 65203 60498
37876 53100 92351 -50819
39119 38715 11272 92301
867 10122 3933 58908
54946 24776 2675 91704
-12972 -49610 80254 -93731
18130 16576 46831 77963
29329 64398 -56407 40875
73627 28187 50997 34882
-46868 -87067 12818 31185
25790 10174 97147 63249
-39960 -24910 -36515 81815
82196 64360 62565 66592
-19265 -10747 -74817 95924
38038 72124 99343 26035
-10819 -27084 70719 27773
10679 80018 52683 83567
71908 -98730 44300 -89741
63565 5494 16840 27369
-95173 34702 38989 68591
49808 34309 95675 70801
-2361 -32060 67609 15264
55869 13714 13994 8490
-95669 54283 47775 -97827
42949 21297 48881 26598
-9618 -10094 90865 81660
9578 12173 13720 91957
-62051 -52004 37568 -66483
33237 91430 20766 50753
18770 -98506 -13814 16706
39784 20295 26801 64
-40400 -37091 -11796 -48708
73847 68974 712 65965
77559 -56132 69567 40898
88337 88170 39405 44757
-64510 -41768 4617 -28669
45017 39908 82112 13943
-27513 -58256 79716 3030
73627 73021 75515 75320
-98752 47278 -55624 5258
36486 53499 47027 37643
-5211 -19486 -64777 29528
92290 12433 4136 88777
-28357 -98481 83675 -76671
82427 90021 23949 69350
15985 -98483 -37987 -60305
59551 18790 79791 37375
13220 92209 -87392 50508
32101 5499 48989 49832
-22791 -87953 -66805 91161
99142 64616 89644 1331
42122 -78506 41427 77184
70999 15489 85746 29357
83085 34982 -45207 94110
67998 44023 98415 13515
-72071 -42675 10673 -71994
52795 5642 66853 46412
99086 50772 25695 -33808
8780 76347 85143 13716
-86310 -5905 22593 -73865
11016 40448 32892 80407
76898 -20269 -35607 78665
51045 6630 29438 81973
25920 57457 17276 40174
19938 11703 62431 66623
98203 78017 89733 89773
66632 27179 10042 81876
-76723 -30183 -6332 -32031
48604 60642 5841 67223
-77014 97857 -2532 -55719
735 37673 50088 39387
24865 -10391 -55554 47534
32277 69161 77718 48335
6226 40449 -86208 61139
79574 47774 58996 996
39828 67394 -23156 21261
48021 52293 48004 16418
56623 -56477 58022 -17630
80601 85179 74432 63821
98457 -83666 308 -29242
56489 57730 96637 50343
-19770 -45259 -52312 79911
8935 25630 36388 51072
-41201 80605 -59487 46824
57944 85739 30490 36879
-15152 -58889 -79111 -70120
15233 13540 15380 87297
-93409 91139 19949 -35396
77502 27267 16001 20235
-76780 61050 -13901 64920
29053 96755 23809 18288
-49393 -7452 36492 61489
46254 94662 52628 81645
-94840 8466 49395 25213
26175 28464 2615 5047
16897 87771 -10128 5871
75873 27171 13323 71510
-24424 26270 1980 50051
96820 41309 58517 35280
-19923 49583 79461 90753
96358 40950 94876 10010
17287 59656 -61908 40826
86333 96870 83448 21772
-7716 12023 46692 56081
66615 40500 5664 31355
76647 -49023 -33336 -17733
66975 7619 77389 27785
-24908 -72213 84764 36981
92480 82160 49004 41505
-29011 -11820 -35955 22177
12602 97987 71201 46552
46587 98298 -58027 40086
99287 43751 12299 37418
-22636 -20996 -56108 -50001
85120 92792 78173 70984
37700 57702 64362 -83362
10949 1244 98012 81508
40447 -91262 33894 29067
56530 35785 50063 77679
45269 -77013 -38557 99513
92609 57511 73567 44648
94174 -49175 -42374 3745
82821 68629 95007 83372
40040 75406 78855 84071
24124 13469 77436 78538
-41786 -60987 67971 37522
78497 49997 86697 90267
33732 -91544 -21724 37589
61764 3708 12995 53942
98784 39392 31801 -96983
73587 28686 57970 89236
-79957 75155 -29808 38677
79893 92139 30222 82255
21491 -91980 49192 -56819
64328 16639 96211 92934
-46845 38380 -64240 -72190
44197 70727 63697 90504
-45472 80429 -92107 -84179
13598 15232 92511 71502
-71137 45105 -57236 68921
4081 44308 23653 79613
-67621 52746 48205 -55237
10029 5135 52018 63993
47406 27193 -73388 59767
44526 59720 21224 48654
-75615 37390 57580 44824
25202 1511 13922 63551
-89876 -59745 87158 8606
50916 20968 35800 29906
-67199 71586 -27249 60228
19216 70520 13970 71844
47326 -53303 46942 -31257
53170 84698 7354 48181
-47445 -39124 8940 -11826
76139 75056 83412 19411
20005 -54226 -9962 -34979
73640 59090 4634 38829
-37840 -59202 -77441 27098
41238 96875 66222 42356
35252 -14659 -53946 -61670
73952 46414 15896 80830
41966 46369 -36795 23440
90987 71637 98994 29877
-22729 6669 23197 58124
74801 3207 72783 1462
23206 -63809 -95380 58701
37346 93152 5071 54754
6622 -20934 77188 27338
16269 24138 50359 52226
99384 22137 99486 92448
39044 19435 56258 25017
17249 -52161 -5141 73053
11763 1461 93988 90023
61151 94918 -84072 48977
99808 90200 71114 18751
-27417 45083 -161 -61667
17411 70170 30180 60517
-53447 -3427 -43910 -49909
5062 59867 61180 6704
24677 60099 59500 -37267
86917 22754 98702 50122
85154 56678 58322 63341
28121 50766 83120 99382
-92923 16090 -26823 -13082
67852 11180 73181 99081
-68384 57597 -51403 14053
52910 52213 70732 24587
87927 -71360 71048 -49722
80323 36386 65812 33114
4959 -47414 35729 3171
4113 15548 77120 95251
-1192 36214 96389 80292
668 65081 51652 55714
38747 -32805 87600 71046
92559 44819 18460 25050
-97660 1014 -5342 96512
22886 38274 49078 76291
9879 68036 -40939 -43794
96038 45538 76599 87523
-75222 -42050 93382 -16941
91042 28026 34307 4251
-46925 72606 66194 52567
92425 38184 20603 83738
44353 -91514 20483 55733
95705 37607 14135 32098
-97588 22032 -99699 91686
46624 76103 64292 48175
29541 -51074 37697 -63200
98402 62344 54714 4645
50104 11236 90866 -35053
88454 8726 73438 30420
32425 -71401 -2750 -67177
32291 53023 18252 16368
-53064 89123 50635 -30940
17091 86851 42177 21155
-1863 -82524 45998 51718
78424 67755 39471 86952
-75400 -19149 72382 -35495
41798 31439 40970 73559
-51091 -15518 -79381 48364
81244 9233 30889 8186
-76538 -50008 15728 -31151
7480 7442 50301 52255
-85819 -54327 -28721 -32036
96164 48738 47554 66810
579 25716 62416 -81397
38954 26510 47757 99599
-1069 66070 -81052 37392
83223 22428 91719 16833
19606 80017 -29128 29168
29707 78354 54884 55872
-21490 96076 -1378 -6591
18800 42779 89013 43664
23691 -39758 89128 13620
25086 38164 9989 9782
-56816 -97000 26538 -92293
48028 39198 4722 96029
-16750 -75728 24337 -16064
48028 33153 72174 10499
45117 47367 50460 50574
7277 45156 63926 58800
-49502 19723 -88519 -45629
5269 51076 21357 97502
57102 -39794 2092 28888
47209 90765 92607 30491
82460 64854 -61343 -99311
10845 23804 19034 15898
51138 17593 -82884 10331
56338 45014 50125 62945
-16771 10668 -792 81465
83253 38576 62672 27221
19030 -43468 -61918 -55158
29408 20893 89103 47974
-20550 -76468 -24783 -45375
41554 47599 56043 65442
-13554 -47997 -25932 -1105
44962 18103 44573 87797
20292 9430 48410 -77667
85312 32062 54136 67229
-9902 -14752 84999 22245
14905 59807 86594 83387
78165 -47053 -45417 -92641
65709 10509 18423 23247
92180 -76936 -87754 97440
97656 89473 28545 71510
-25092 5729 13054 -3342
91219 89960 50395 87487
17950 -33791 14904 -36435
7084 90656 13371 47678
73888 92419 90016 54185
31460 90389 76266 32711
81734 11014 -2800 39775
20750 94981 89918 65562
63308 16969 31720 -48728
21960 42471 57499 85321
37781 -80299 -32124 -64317
13858 49063 75331 1904
90184 88966 47950 -11403
11258 89229 44724 81575
25724 59261 20507 -33386
58288 16792 13685 19162
-26695 79126 -91514 -43974
81698 39061 49292 83215
20172 -14622 55695 46702
81419 59205 5963 65967
-66897 70704 29391 -32605
72438 6049 11731 64549
9113 95613 -74167 -67890
94339 89799 82512 20092
-11413 -43265 -89109 -83034
56006 24938 53738 39695
59956 -43119 16735 -63568
42200 48895 75533 6726
-70714 -33753 73480 38711
1246 36991 81976 88216
-7561 98458 41341 35884
1298 59509 79003 67303
-3024 -34796 22757 91334
9823 48843 41439 86688
-11637 39922 -23728 -7433
47641 15741 5891 96492
60397 -74733 -27731 -12503
30755 5612 47299 99027
-21526 54545 -48152 -9046
76141 82985 65320 41122
9810 54354 -70798 -15339
31195 99574 90072 67454
-48460 74413 43608 -31499
65135 80153 86044 51857
-43630 20799 -26223 33329
52385 43180 87684 94289
54882 -61526 16052 -14467
80865 25289 88880 51290
-78673 66737 -85185 -19836
28816 95849 56988 55432
-51613 90809 -92797 25125
64032 11079 3003 34841
-31984 -7997 54540 58875
49565 74780 25612 24744
60558 -88781 34272 94831
85886 65679 1993 97032
-87092 22508 57864 41655
6200 23009 66004 79826
-41643 43467 97018 92741
57576 45496 81522 13984
-58440 82006 27160 -98947
30604 50251 37808 45128
-11509 14316 52788 -44773
10783 65548 4592 43559
-89156 -20142 -34174 -47124
92614 91998 45483 16733
-57225 49763 69841 31945
81350 98026 62613 32221
-73108 -94302 -14291 17574
3447 74161 54068 70803
20899 950 63410 48407
36988 66068 14522 44465
25765 -33612 -55375 23662
44835 91884 17964 99843
55825 25974 -4190 54674
25089 14704 71976 54338
22363 31455 -33620 -57045
59385 1386 90657 15881
89195 -17949 57508 -87254
29686 84266 29580 76024
-26357 -13545 19026 68232
41390 86980 16039 46174
-24663 96338 10229 99163
15776 68115 33464 96855
-83960 71662 -30041 -56682
72750 11089 86579 30163
70814 -87857 14435 11099
39099 53603 23789 81500
-52361 12312 -46831 95156
30792 25980 83170 99018
47209 45123 -74984 -88413
45799 90034 92623 36298
-43006 76273 3891 93145
72604 71141 5457 9432
-30976 48764 -4111 45681
51320 52540 90804 9618
-82443 -89675 7007 9651
50013 6075 2276 62975
-76402 -98922 94282 -65515
41610 45647 30632 14919
11119 -1079 84109 -91183
82904 41434 80859 71733
23184 31158 13 71929
76415 82958 70851 23958
-95558 -35202 36458 90964
47577 43426 8396 27588
35446 26791 -15982 -58025
55519 96261 5535 1130
16021 -89042 60263 8923
55821 35179 60477 13379
26951 51918 12739 -30616
64537 14629 57407 57769
-72283 -2483 37682 97524
70055 9377 2918 1738
32271 41814 -87490 88143
30793 75889 40061 17522
-19567 -69518 21897 81161
10533 75786 83644 95430
-19961 -16227 95872 15332
44496 44978 57146 44650
-12340 -79614 89207 -9561
8775 77979 95431 59324
-39071 26761 40481 77381
60442 31497 93608 6133
-27925 88218 78612 -38075
7304 82014 17689 28237
-47530 -96349 33230 58089
72301 28862 1203 19862
39746 62489 -90851 31318
18776 6440 35888 8031
-1460 -25060 80148 87401
27678 91096 83750 69539
-72127 -29331 45183 3036
1282 46436 65525 5230
50500 -72415 88788 -74697
90248 59256 99758 90075
-53055 -83434 77578 1181
66057 13306 30512 83398
79705 -76123 68312 79780
35164 34253 68547 8457
81697 45994 -82913 13062
52320 46250 12849 12824
-82174 6238 -44518 -70322
40575 92423 62797 66717
60503 95899 -47749 50502
29446 87512 96496 86752
65269 39097 12664 51700
11190 82279 57938 6671
63926 83724 56142 17084
32997 29643 29336 44106
-33693 -23190 7456 24334
72725 26110 63431 597
-31705 66316 -26587 57133
6865 82684 40857 79567
7651 88176 -42339 -31038
92384 59594 54228 29941
-80523 72480 34059 78111
82116 41726 44428 96100
50119 91530 -10442 4335
34445 84101 8863 88091
-73850 35177 -6062 -16847
86585 35746 89327 9571
62404 -84625 -64814 5147
14934 66662 13029 64090
-479 27902 -93640 27372
67490 84179 78901 935
44020 -93178 -39813 82275
18569 23136 83252 39051
-80329 -2884 73579 -56799
74058 51751 84701 74990
-33399 29234 -81264 24171
41636 97007 17349 37754
-36451 55389 19633 -47537
16314 54990 50422 63305
-33748 18980 -21158 63596
70909 12686 9182 4839
-72056 -51939 46360 5884
99163 58779 61273 58750
-72066 11079 -73061 -71978
23162 27193 7311 25014
-1282 -35613 -14144 24270
86200 85815 92561 71616
98607 -47690 -55125 -68502
43543 45432 95933 86952
86670 -58007 82593 94919
227 4335 46885 14195
-3690 -37384 47379 -70737
45986 2852 18427 36076
-41220 17873 -16864 21497
3534 12812 95857 50102
95230 11985 -8258 -67102
28300 80998 4486 34158
-13487 90716 39674 7021
97246 47724 41247 250
-78776 -84475 -33957 3346
45539 95950 15331 77809
57863 32509 -49398 67240
79237 4266 74308 11928
1101 -57539 76549 -29766
55325 12242 14241 63266
48818 -8090 -98295 -65329
56158 47163 14191 95020
97210 -92150 69273 61770
86726 55733 35661 51904
-9803 -20311 12263 84596
77433 66541 9039 38553
-11291 37347 -18074 71368
31636 43684 79870 49465
301 99683 -63249 37372
73052 49609 74036 11450
-73965 -72009 21437 38047
32728 30798 75394 7535
-24114 96860 -75125 -97107
91779 73913 96790 80517
-64730 -26567 91926 8916
65891 50415 97277 22750
7840 -20933 -52544 -20214
93010 23723 17075 60808
79753 90628 -71058 23533
52140 5387 50100 82831
20821 95909 -5377 59441
29569 95809 96727 84560
-25195 -41364 21849 64120
1602 92792 71100 71621
-58597 -32342 61606 -94002
98779 55977 89911 70015
-24923 90924 -42536 -1790
84083 96610 43155 49354
-78032 -36414 -926 83731
59524 35893 16073 39861
63951 12630 40127 -81283
81402 61159 88559 18486
80395 4130 -79784 11818
74168 83311 48232 61344
-88972 43762 77501 55069
41452 50190 67699 61381
83049 4423 -63928 -64255
44324 59539 68386 37682
38223 -29843 -14084 22124
3056 52615 82238 44274
-82213 87920 -83394 -71777
66444 41023 76201 10652
15463 -65627 -75998 30677
14221 52809 60520 52107
-68059 -86302 -72822 -67142
71388 46271 71415 36496
-53421 12462 -826 -99395
16289 30726 81375 7643
-84684 -37297 -15192 37092
83252 96341 23394 20278
70323 73255 -75188 62612
44961 34377 75074 39405
14541 -84197 36527 -68344
37564 46513 5641 91410
11398 -61309 51896 -9607
38571 85361 82862 55166
8966 -21862 25557 11250
56450 32771 11799 18069
19992 6863 8407 44562
36157 43127 5872 60249
3812 -33595 69070 66074
78036 55595 87936 37731
-65555 -53954 -77133 -83977
97125 91141 7192 79982
-21817 35706 -63121 76320
66933 82163 26267 56106
31380 -45622 26468 832
8375 65039 71138 6701
59514 55650 -14223 66556
36041 92882 18614 985
30921 22936 -19924 -97022
67656 33926 42644 70984
-42349 -85121 59306 -82266
35173 15205 54268 2181
22605 81822 20056 87842
67329 92817 27130 96766
22524 -80398 -52784 -49548
11485 39550 51021 51578
-59196 -50381 4465 -20182
27070 54004 18356 58910
-17516 -41389 90235 23074
12759 64647 3472 1914
71206 -45269 -18836 42317
78032 47044 9050 85137
77965 -11283 40028 22381
57544 49650 63770 67877
18278 -68996 10776 -33061
98335 38725 78330 25443
91529 -51945 93163 -39138
87480 75106 50422 19449
36967 -72679 38304 42854
56582 64213 28203 72212
99113 89676 -83603 -28103
91484 99232 96400 62762
33483 -96227 52322 -40076
5642 90210 12756 8611
86017 -1449 -96021 41571
11486 78934 31248 65677
62720 -70374 -90181 -70700
40016 35036 66927 64957
98956 -25705 -34142 -34033
36511 18486 35483 86741
25496 -42346 75912 83320
38632 18155 70046 16937
-19534 81056 70916 -74634
86224 83752 16691 91743
-67359 -54405 -77611 -16705
3108 2162 59051 23891
83426 49411 -93610 -42622
13144 70337 40031 84067
-2397 43830 91744 20395
59104 77702 91152 61302
48650 74773 -53411 -61591
36837 38580 27355 71123
-93703 -45334 70129 -37999
72526 37159 81829 58675
-33755 -4360 86574 -99474
51576 43669 90600 18740
-5616 -66622 -24039 76386
34094 67843 38073 30839
-179 -26850 -50668 66242
775 97299 86954 28584
52616 -35449 -18658 -26070
24275 83578 9044 84823
46790 -58063 15635 85310
15814 74093 12160 69504
