1000
-74638 43449 15005 46312
16649 41421 2362 90027
27178 74482 444 55824
5211 95368 2567 56429
-43060 -30246 9405 72110
34022 23058 33069 98167
88072 66830 64823 67461
13784 98537 75198 94324
25814 10578 -60356 -83746
6862 99170 6996 97281
95479 94642 14286 23838
61313 25857 16124 53895
66206 562 86568 -26046
71087 26808 17276 47178
-87168 40657 42498 77176
49676 93368 47739 10012
70124 72218 41710 46540
97467 66601 10097 12902
11476 -21512 80840 -18882
53865 29689 28444 46619
-89458 57055 50017 -95271
20709 98927 4567 77856
17059 13366 37930 18576
51528 32871 5732 48829
90057 40560 93866 30998
47796 723 42618 2245
-86902 63369 25168 -76456
69841 92350 65193 41500
-75528 -49828 60272 39473
22227 48365 9859 81936
62194 -69612 26221 15054
68858 94395 36029 61237
-45917 78440 25737 88238
18776 22404 64443 55763
-3682 93616 -89636 -41376
97369 67917 69917 66996
-75486 42930 76298 53846
85644 55590 17505 68139
27724 -53050 90368 18521
59355 28804 76348 78611
-55656 62029 -71136 -10844
23311 13810 67605 21801
21190 44686 -57472 -97252
48522 3465 86708 73416
-26516 32022 -11248 -64072
33452 11899 19379 45550
-80142 61393 54790 37682
58660 70163 57199 87981
91692 74023 51708 5106
52926 16466 65084 11340
11928 56212 9082 59268
69179 18418 6887 89412
-64344 18731 -50420 -35174
78206 19301 97713 67372
3765 -33499 22416 -47863
73940 15667 11705 46228
-79846 -93316 -78448 32758
21396 54081 45630 40084
43352 -47700 48859 -78598
6640 6042 83898 40713
-12380 -85180 25743 -69288
37732 71155 95994 18004
44307 78032 -94510 71012
75579 45884 21993 23205
-28595 -81226 -79034 58778
18944 28202 13202 23506
63254 -81736 96918 67480
49958 10498 48036 18808
58744 -67297 -2352 67788
17567 51746 90368 19529
-76092 -99594 93674 41803
5363 12497 10253 94892
29046 -27992 -39732 43891
95436 32460 53414 43921
-52608 -76054 -33496 -17804
4794 97697 58699 71043
-71290 54490 65934 25614
36159 95151 22535 82134
-52220 -18915 56038 5596
98285 36429 95343 76335
-58596 51354 80867 53964
92292 85795 40743 53144
7874 -10680 1707 18832
72261 56042 90360 9117
32987 -88369 76446 54562
14677 4234 30690 31626
15182 20960 3778 -94772
65100 4346 2726 34994
54192 80238 -64580 3614
99051 19080 99631 18593
-11415 -23772 -76710 27116
14412 59479 9610 58969
56822 -24373 -50866 -33632
98338 24566 87770 27284
86462 -44520 33415 19177
35217 48518 34945 90783
18078 -64385 94153 44138
72757 49314 34471 45729
-66918 -78876 66868 -62466
18157 33681 3493 60358
45898 -61779 -62207 -57588
13173 19847 96431 17462
88516 -91582 65345 -78825
88574 31491 1947 62951
5063 -86076 39236 96646
41081 87516 53516 33002
71121 96488 -49160 -78042
13970 39862 84812 35379
78055 67488 330 99277
84857 89744 93499 69911
91850 -55120 -50210 -47149
21244 88711 41805 19934
-35171 80842 64008 34754
52805 76882 44822 76982
4794 -32574 94110 -506
50543 3074 27814 34713
47835 35746 -65838 -13464
10294 11017 346 60235
37073 71829 98984 80577
6710 94018 77217 36836
25165 -27716 37488 -49313
69633 89685 4789 13073
-13702 -19546 94290 17018
82195 14639 62949 21120
40678 95735 39334 95384
39036 27955 67770 33518
31730 -90392 -85333 77328
84172 94427 44234 52040
-57080 -91660 -56255 3236
50573 53714 86059 57522
-86524 -78870 -58408 6410
11898 45486 75640 84278
83490 -79366 52248 57676
26272 49122 54154 27335
12371 8241 35328 8358
38701 21703 14653 9933
94581 -25612 46160 -42616
15334 42698 10991 76376
61866 -50342 -52619 59276
9016 78224 73109 16539
-66756 35159 -99954 55318
59426 28067 85147 75223
29397 83052 71625 -80358
76590 2254 15350 11131
36275 -98362 -3487 -4866
87982 90181 97487 59415
-37650 89852 66194 -97200
99134 43181 98506 90415
99124 -87299 -24594 60032
80154 68977 91309 42587
-46764 32798 26580 -18422
77685 69086 64285 90930
78130 -2952 75656 -75050
95528 38839 97525 97490
-2720 72010 75488 -53242
4310 17955 70888 34225
-43586 62559 51852 37050
18657 9097 63827 89126
66213 99447 -81056 17898
41888 36610 92393 28577
69344 63656 -89035 80297
657 48566 80952 77017
10909 84700 60906 -11610
75266 23428 88954 52528
28110 22902 1720 54406
5000 22325 60997 38283
-32254 36454 -29294 -5294
88421 48159 94985 22957
-83522 81352 -64148 -23700
3662 75482 50399 76217
64950 59518 -38204 90770
42491 23172 70037 73537
86484 54544 272 10614
63970 25352 87665 95511
81255 39249 22336 54284
91638 4667 9364 31489
98988 -79750 -48873 82220
34969 90636 16170 11956
41776 -86854 15646 -27772
60183 46039 26969 1535
-65242 68074 50327 4019
84264 95735 74548 74295
-54357 59594 30769 -93917
78468 88156 960 82933
2562 26074 20420 99247
72761 33990 50323 10050
47388 -62204 96048 4461
56289 25844 93469 51238
24928 92761 -88267 43384
65981 32475 53666 68011
-26560 43838 53560 -72290
83174 49207 49718 5216
9835 5120 49575 -52250
13933 66797 12496 93418
44459 -50948 -50786 -9452
72305 50030 64029 69559
62976 -12848 -14456 89410
93010 73480 92726 27583
-64876 81850 -65114 31293
80710 24220 85905 77690
-79123 90756 15705 -59283
96180 58743 9095 13899
93120 -4772 74696 67130
92373 30 98433 9663
1837 -59298 67053 -94904
51742 87330 12086 47515
92449 -87762 26902 63161
12722 23287 6773 39643
92930 86808 47018 56189
77418 36353 81712 85269
16212 -86899 57658 54009
91087 40853 669 2450
24406 36686 -76466 -79416
66704 96911 2557 69829
-10848 65654 60086 39737
25361 61528 73378 34447
-28090 19722 59357 -3138
50353 99426 66948 64794
-37012 38276 -28304 99164
98480 54166 5994 86354
58015 -68844 51640 57051
86709 25165 59156 91608
5235 34970 -78411 -25619
64801 25676 26652 46571
-17850 -6780 22267 10698
98878 55812 3050 85196
-6666 95558 90110 76160
65115 86141 79342 82639
32789 40116 -48690 74893
65128 78257 11804 94571
-69366 64846 85324 -60380
87226 40634 34158 65725
85392 -10880 -46678 60353
17603 47661 55825 87542
-64678 96608 -14660 -79414
42013 60757 80519 48860
712 -63752 88674 31905
59295 41598 96107 52741
-25586 2216 65694 44400
99492 15609 66496 76440
70993 -23384 -59478 98250
52251 64349 82751 42530
-27184 8662 -31250 -8523
62547 22407 68484 7131
14757 -50137 90442 -19638
17543 37581 41123 23768
62917 10018 -14788 -69360
54098 4486 93018 58752
-5002 -20266 -77759 35164
68098 94425 71472 4978
93602 50244 66816 5124
9912 65159 89877 61900
56295 81290 67853 78198
10049 29154 13861 2906
27290 -36944 53702 -76397
10115 46560 80381 51014
95395 77102 -76658 73939
95879 52634 34316 57914
-60971 4958 -73252 54064
6629 89569 99752 87409
4266 68499 71744 21543
85026 22300 41062 3786
-75007 54280 20952 8650
14544 53540 43320 28826
-95130 -58998 -3092 -99706
33062 84303 22686 93842
-93068 -17866 5558 -91630
27984 48696 52324 11382
-68943 -50722 21815 27583
60602 5981 5360 64088
15860 69879 -73256 -4172
83162 56942 53870 1996
55102 -71796 32165 -66664
82290 45950 8693 51633
21344 -4586 31266 -50888
71475 30323 98738 10751
80323 49395 29934 11753
92499 48977 74535 65014
-1538 -28214 -46782 90474
52623 9587 7057 37836
53021 39860 -56742 -7042
60596 88534 69883 49764
46795 35162 66626 89174
17457 12132 15949 80529
77774 91002 -90249 -68030
82140 21968 13043 2255
-6998 -34488 74780 -30440
62957 19204 31287 32983
9854 93302 1381 81840
65169 19170 47227 72798
88170 13684 -61448 17373
55382 84292 55511 47035
30393 23572 47506 91976
54968 22376 41009 62173
57365 57950 88147 65787
74396 83044 31942 52280
78878 19241 62564 -7518
1281 31742 41973 69401
40954 -78422 75970 -15510
5661 29090 28780 16071
17809 90656 27412 -80024
30504 3807 79759 75358
-18614 70474 25116 22044
50614 32973 1937 18865
80454 28478 48904 -5572
78004 39833 7458 66356
-24066 -13262 91088 70338
85374 27458 13605 10
52199 -71695 85444 94820
699 43705 72000 89562
54200 80374 82125 17491
80569 32538 29128 15139
12356 61176 -37084 -5066
41707 75743 34400 80550
-62841 99856 57016 46002
45325 81983 70461 91694
74036 35189 80656 -61076
87142 31492 930 8422
91926 -16188 43880 -25604
79545 21784 96522 41087
41175 -51490 90200 -97972
51530 10840 44049 97051
-73912 55666 -89744 -36964
32557 76088 26576 62337
-71636 1082 -53254 6732
90523 42869 35236 25015
45652 47897 -1508 40824
37710 40292 37242 6158
95250 35867 52707 34776
82790 87902 49955 86147
-82178 82021 -36034 36546
99901 14511 14674 8978
-35165 -5952 76483 61630
94536 50127 36906 72999
82652 -33678 56162 40324
13008 35767 46277 96966
26426 42815 -19438 83340
87096 33934 19540 21117
-31274 26034 -54416 -25702
10525 99242 79690 14447
30732 98958 -95607 97497
27351 76180 41320 62297
93920 51692 70494 41158
43428 84416 50052 88582
63750 -51790 43369 40370
30151 97235 30960 14946
-81955 94506 12198 -95712
80589 39013 79876 67563
19316 72908 73812 94528
7071 37209 41238 82700
-21078 -29670 14054 -31518
5250 82362 43428 9878
60138 53590 -93268 -29163
86977 4105 76257 61736
43228 -49130 49834 49896
16249 3107 81467 40376
-55202 -70320 -31050 94842
82014 11796 9433 90958
-33108 18925 72485 48107
8313 37967 62718 90260
9005 -85262 14136 58059
82313 1662 4513 58628
68194 -24220 -55373 57443
87195 23090 47889 7854
13208 11932 49844 39903
11414 41187 28364 50857
-34124 78168 17850 -89794
90626 64401 37945 18325
-14732 90118 97202 -67818
72784 58803 43860 64840
10986 84944 68574 26542
39366 99067 58863 35104
-56816 -61536 78409 31665
72601 86251 49144 69410
84873 46426 -78952 61043
23956 92200 15329 59651
11628 28680 -19804 -34086
27572 21955 97811 86733
40784 82304 37408 -7020
7428 13846 80297 10875
-43848 32796 72359 -64339
24071 33555 43880 67324
-52608 12636 95590 22942
11786 43370 55594 27645
-67704 74724 11686 72032
49730 54421 40947 30207
98896 17838 6978 -67759
46007 42772 76175 89210
55488 -38880 51492 58326
58106 10946 67123 55804
54615 -2797 -40896 43158
71000 82271 53150 5108
-32628 40868 38372 -31347
36718 77259 81423 2345
-89722 -51944 19971 32733
47294 27630 65744 75057
33022 -38156 -13256 89014
18184 28825 74882 88865
-17797 74580 -97246 -33366
93485 54589 37283 15644
96472 74679 82696 45056
75789 53428 46550 41549
25822 10814 -43848 16188
88109 658 38264 31554
92661 -18236 74298 -10778
48263 51318 10399 11305
-53402 -10963 38688 86924
72417 57055 34779 54683
3767 33971 4559 -14656
4524 74211 59999 28784
-63954 5978 85212 -90214
84096 51761 97218 64225
54397 -90666 23508 48062
22835 43483 43058 58082
-93137 97639 88646 -71360
2780 58641 71006 71564
85618 33097 6812 16635
53825 17824 97756 34463
83006 -57812 60473 30226
11544 28656 98388 60161
-85476 99306 33248 -67532
838 54042 50250 2942
5378 -8922 67788 24884
83598 99356 113 4435
43066 -61488 -69404 20000
77440 69451 11886 95171
98712 93171 -91078 -75164
42850 81272 42043 7986
-94638 -7636 75982 -19671
15463 28215 96619 63925
94335 2831 -9190 -84662
87500 13522 45820 74446
4868 4792 -40848 94400
67744 71794 56618 30772
37552 -69495 -88439 98831
29848 22254 61770 69528
74586 -74246 -95203 -3284
58988 17177 69906 91568
-25016 -2202 -64335 31082
82211 15469 33726 8003
-26542 -42576 -82372 42544
37541 69027 93078 30122
44678 -62099 -36046 90778
80532 20688 57408 31187
14836 -40478 -69180 -98984
12644 41306 70780 64522
-33449 -72772 27344 1865
18202 64626 41138 99958
52374 40934 -18856 -52348
35658 60014 96414 10062
6672 -9470 23706 93480
24635 62507 17546 87964
34869 33815 -61770 -95366
19300 35368 77216 57446
-3485 39477 39161 52830
71043 82775 44777 69710
-60772 59102 87955 25184
68824 19117 8766 83858
-41898 53481 17078 64005
63046 64030 34495 43702
-94148 -95626 77548 58918
75260 68394 40403 84506
-70845 -76678 -2704 49383
59818 86442 95504 20005
-51826 -14604 82922 66574
66256 1101 14526 6748
78854 -7878 67678 91637
48626 64680 91002 82912
-59104 76609 99974 -20500
75927 86252 17553 65871
30182 -22096 73074 70622
95513 93554 52277 78661
21222 -16684 -44652 -8278
51878 45764 96342 34225
74706 15112 10536 -49458
63290 20160 66994 99300
-13870 -90976 -65238 13236
89693 21825 12754 61448
-6216 87146 43438 -81590
3183 23786 33606 14337
62602 -63618 60036 5711
71125 61451 3157 32173
79980 -66004 80721 -51972
86052 93503 38368 52176
64642 -49934 39222 80030
51571 42292 91794 75617
17765 496 40145 -32965
29157 2159 94893 10992
-12914 59492 16602 15232
93026 52861 46711 84492
-4736 87167 94754 -46574
91879 42780 6687 92586
-1457 -94988 -97218 17348
55066 71759 45229 55027
31976 52156 -97791 10372
42203 68158 54945 53215
71120 37983 68212 6500
38155 58962 92936 61631
-34145 42020 70922 21506
82199 77140 85770 19072
28353 -83764 -20988 -96784
8582 37953 11053 15802
97956 -16710 46114 -31076
54660 72944 94528 20488
18339 -72068 -10664 -51201
94996 10655 47247 72606
-91205 75130 70490 -33700
31055 95892 75205 39021
18277 -84811 36418 64969
10336 47757 74358 48726
8366 -33346 -35380 12052
76388 20958 90057 89390
87589 33760 -95594 -57171
9341 93053 47223 93829
-23116 -3066 54276 -40386
52327 4350 69972 58800
-7160 -29560 81634 64401
77479 26763 27019 8019
96536 -508 -42389 -18010
86528 42587 51295 62196
64188 -68258 85020 65592
44718 12055 75429 85608
71504 46154 -48662 -76412
38390 835 13882 13308
-44345 -57370 41207 -21175
48623 28399 32836 70879
9058 24525 53572 58940
2908 62074 24130 41976
72858 -12092 -59779 86872
26508 15128 68897 59765
78390 12952 -94313 53958
66131 62283 87377 86656
92536 14556 62194 -32052
16123 68784 72072 30530
-43959 72328 50677 53427
48473 32074 44981 3002
27211 55564 -27002 20074
83445 20943 44815 98167
7633 -50330 -5234 -28214
60396 56298 61591 16008
55579 64990 85450 -46708
70887 6240 95572 25259
63338 -58682 -20076 27471
1682 48250 20263 94814
-48895 32848 60595 -48812
72058 27441 1520 89325
43964 29493 50794 19358
62697 313 9859 70791
-87832 -56772 89306 -18770
94814 48473 37001 90579
-93954 54892 1582 -27210
30845 42104 23193 1425
23905 8486 87519 -3306
61873 35281 30039 4039
-39182 39977 -66260 -39510
80108 57360 77151 54526
19731 92466 55003 -30778
82069 46939 61146 73370
-55388 30310 64242 10812
91005 76938 72695 25421
95207 86942 66040 69701
95257 45296 82766 43938
96578 -64790 43179 -32292
30872 32247 42916 43847
-47065 83054 -72996 -86874
1568 81616 49966 40349
45254 -63810 -11898 83794
22777 17875 25605 74026
-18806 -3850 81968 -2886
39518 9576 62461 72886
69494 24686 34718 -67036
93662 56396 15424 66332
5564 25624 99176 41496
49222 44543 64825 97004
13554 -16793 -21816 78616
26162 89062 95651 73032
81745 -30732 47682 -27916
12298 88837 77950 20498
30611 -41608 38144 -41694
7878 16255 54349 77108
64912 -39354 45949 63562
37114 15612 53220 26210
64756 69414 53413 -82229
50440 19189 82493 77304
49959 -94255 -37704 -88027
45941 26572 46101 62092
-1810 98388 -39038 -47538
20789 17184 72710 27249
58207 30402 91730 -85760
20788 26607 1211 53696
57057 55960 76772 -85860
14087 36143 93736 17565
-41504 81690 41188 -44592
88897 41694 57096 49292
90301 34062 -54734 20966
46386 33137 48074 91977
35517 -45000 -89992 49736
15749 31400 67935 70038
-54276 33204 68436 50864
34982 8846 91185 13492
11594 -97904 -36482 -71506
68864 92190 8254 55630
-29344 -38574 69902 -94633
19389 31660 57620 81776
86676 2448 92587 54225
25380 66083 17027 2720
-48618 60920 -28056 -40076
77752 55932 39325 90176
9994 -80742 65110 -45925
45032 78491 39234 10541
-12787 -35506 -23992 30770
86305 41652 87803 19157
-58652 46508 10256 -45184
23523 69762 62964 16538
-2926 60966 -29550 22640
80437 75027 56433 14375
-87519 20640 59438 -49311
82472 98032 54831 84082
-36708 81988 28018 96033
87454 22667 73960 33761
61110 96114 -80671 29964
38486 11756 72101 73398
5420 42122 787 -76456
77125 88131 71008 73435
-73358 44142 30916 45402
54913 34132 59337 50310
49957 37183 62608 79931
34826 86989 46135 80149
-55182 -25111 17214 -12394
42417 81413 17774 18116
71099 12604 14259 11572
26856 36614 10801 60715
-36794 -17952 -11222 -84016
83202 73855 39403 65277
62459 98737 -11202 70918
1418 85542 61174 31367
79763 509 87135 -18938
86226 53694 18446 7964
21772 -17720 99885 31175
48664 11964 65736 23015
22866 -10344 56189 5782
73201 91027 64260 8520
-49662 -90164 8364 58930
76712 69370 63043 24491
-56700 -12932 83616 31893
88871 59154 68399 12981
88957 20892 -45190 -12335
15533 16065 30070 60411
31108 -23834 64671 -85984
63873 37329 49458 79370
18577 -88725 40611 -41598
32288 82280 60353 74771
50440 -53636 18543 60854
22001 28929 4319 7192
53136 -7867 97041 70508
27639 94003 7603 14788
7710 -98753 -79473 -68224
20721 7063 55332 61567
-6630 5738 50718 24268
31721 25327 91009 26130
52329 -3332 78144 51754
94625 52042 30304 39403
16475 -12128 9602 93751
98514 16945 33163 30758
83390 20682 11603 -93372
15861 23017 92974 66092
60988 80129 -73744 82982
64481 61745 43566 49153
54214 -10916 -93170 4448
88539 71192 71083 22172
43320 41220 21684 39114
48586 2050 62918 26409
65000 -39510 18156 -72378
51378 65979 91647 91216
-88430 35069 -37068 70459
63301 35811 91975 55895
-5866 -47112 68782 32458
16757 51235 47241 96003
34998 72396 19616 12502
18055 94011 11204 99815
32928 -186 -5115 -88634
74537 75974 67873 63101
35274 57727 -3812 -28402
70330 52888 78003 18810
1252 66112 -46004 40531
7300 56055 80270 76647
-72516 -35344 99215 -6792
39379 71361 44861 57509
96671 8258 -32132 -55756
99088 27241 55366 58825
48007 73971 -71250 -20775
71884 22269 99531 469
-76384 -17726 -21743 64325
47408 28762 23078 82206
91776 63508 -30902 -21163
48121 40800 73369 86845
-82052 -29324 -12591 4022
48540 2120 56649 66557
-26196 71832 906 60012
87307 56375 80262 35013
46180 91604 20404 46914
80824 24554 80300 10471
68997 51934 -81158 25385
54279 50707 28311 13094
18092 59468 -28187 -10772
61763 5356 88160 975
-88020 -51956 73468 44590
58698 70380 85387 38954
-39362 28418 -23761 -19288
38799 77773 63558 86128
29622 39477 14998 -71400
70159 69532 61679 88723
77091 57195 88152 37460
44146 16336 11058 87183
66285 -9300 13822 70144
61927 9802 41991 52473
-82569 50093 34888 -27186
80685 60319 21442 15546
-12561 22030 66331 78049
10872 89348 50799 27092
-45224 78566 49034 -2140
70392 67715 73533 51186
32450 -24425 41367 -45164
70818 74222 61568 21752
62267 54317 -55242 -40615
92983 34455 2944 91749
35028 90049 -65408 -65874
50128 62649 97783 94223
-21278 7179 77846 92639
15166 77364 54437 74956
-43504 -95145 -72960 46550
68966 75286 45533 69168
12913 18354 -67556 -7956
94417 34555 6371 79279
40604 32397 -28564 47661
86034 19291 45388 8594
32621 23267 28636 79622
29085 12604 34660 1489
-72116 85696 17277 -18558
91412 46276 27046 31996
-58306 88835 -64112 94405
76263 61688 78009 12109
13857 -52912 -96422 40084
43016 66118 20758 79982
70623 -4146 -79252 -93456
68780 20737 9673 33576
-74601 76478 45515 54048
53124 96169 99433 70347
31193 -29808 95893 26276
60957 5058 38936 30775
68074 -26901 -56709 -80517
1094 17537 57354 76699
4848 96260 80031 -26450
9192 22523 25721 19041
-63643 95392 33573 85586
549 61878 14111 26997
16163 1590 -92592 81367
43872 41933 29307 87618
-35754 -17538 28748 32780
77467 7882 3940 33428
90666 7925 28206 -96610
9339 1914 47510 20734
20466 75305 -20364 99986
28060 46896 22032 34813
-48022 -16403 90998 84664
42816 51134 53295 9361
-69436 -50024 56942 -30898
44944 76621 23884 26645
27422 76352 95076 18047
44487 66590 22980 26381
69173 91721 7894 53602
78673 47287 48211 29559
-20620 -27520 5732 52965
21533 88849 37655 54718
-8132 44140 -66798 19158
89791 22951 54328 13669
12102 -95354 97138 63804
95389 4949 57460 98673
38860 -23454 27360 77104
95508 26865 15260 64839
18122 34480 -19178 -56954
53538 33297 17792 44774
44534 7060 42724 18628
92856 255 34604 28627
-65090 -3588 -1288 61708
33494 57687 53644 34604
67150 11498 89570 98394
66596 86766 80921 99278
10896 7487 -97963 -62099
90513 43316 5987 1132
-16828 -21799 7799 49190
24791 20526 86896 40865
-60785 -84674 -49529 25280
15005 30123 95622 57677
36866 -52902 -22051 -97632
56829 98656 54739 39282
-8388 70966 -39569 -924
44746 47051 92800 16701
-1536 98004 -69188 487
97603 51103 43280 72486
-74430 -45398 -66930 27738
87660 994 23763 62381
37435 63059 -43990 -24378
72763 41468 96835 86358
56276 64377 -77895 22330
33683 72672 61534 85907
-47030 -36846 -10548 35996
98061 18078 38469 40610
48248 -79729 68028 -82402
21496 68735 12660 94461
68874 -63180 67194 -12933
34697 12650 44623 25559
-67012 86993 -96290 24030
57669 5740 37200 41365
-38200 -19148 68385 7226
84537 53683 67332 80168
-12809 81393 -89504 43798
92770 1149 24081 60707
13252 69945 50455 61579
75017 97247 46768 29205
-34310 62796 45896 63184
33461 70878 67971 63645
48406 -78530 -69815 47518
9202 68689 33205 58317
26362 2640 25890 59992
25786 9185 46380 12977
-8504 22890 -31418 10911
75154 13022 42902 52101
77678 96857 -32652 96844
25786 24583 33907 37271
18080 -41243 60001 -90292
72932 36066 52777 46426
21212 62547 -18634 45884
68543 90078 53031 12811
-64208 14940 -72408 -48540
76441 37675 81604 63770
94728 24526 -56092 -46809
18450 10116 66463 88229
10900 -54309 87520 -72508
21992 81530 30018 95031
-54810 22058 68816 -78846
1876 61659 3049 56931
-77990 -81718 39725 16582
24773 15945 46038 9401
-59062 -85706 -90277 20114
53079 73198 62563 18159
36686 85964 -53968 80823
90086 27710 56584 96009
-60277 -30822 99782 -13016
63288 20468 67039 40701
16859 -63848 28677 -34586
24864 74018 7959 34532
23478 -44973 -96770 86784
92515 57521 5667 76837
-93664 25460 66526 71139
5690 24967 78070 17841
-33778 15810 48406 95538
47706 26885 59672 63677
-28874 82108 60563 -21954
39137 69130 48247 22789
27710 8319 -59418 30462
24215 10884 10512 59091
11420 -1480 -74692 92315
66821 1055 56700 20168
-39844 -64996 -91490 72334
38316 56927 89038 22206
-29576 -35687 -34974 -90114
4628 63969 45797 68654
-37595 36168 55674 -54347
64647 18507 3482 92613
17052 29456 36452 97222
10272 64453 78592 2296
26418 -5842 62157 70385
36070 87038 30067 13693
-34856 19598 46234 48676
95984 22909 68164 44385
16010 -90036 18564 14223
71957 11021 57662 99868
-23882 52489 16266 50932
42943 37668 98383 95231
-23702 12601 -25278 15618
38282 61027 224 94731
39514 19890 20322 -31929
85428 85371 34736 760
24544 -40362 -47356 66738
4876 76239 71147 25336
-59040 12974 74061 3542
77362 4069 71932 18627
43584 -91376 -22784 -43901
69232 21743 44646 10980
11937 33996 69778 84238
1511 55233 35043 97994
-79278 -24836 30984 94608
46364 94165 66009 9943
20078 77494 85277 42642
4522 99846 45329 23524
10057 -32936 34398 -53320
72440 10686 89079 32501
-57868 -93563 -37660 67989
47640 84967 83917 48194
-12302 2800 49310 96510
58573 72531 87422 178
-36472 44456 30455 54114
18746 96743 14733 65740
29524 88698 22656 40620
44823 20985 30939 820
15248 31072 10292 67442
93785 61481 77699 39060
91350 42304 -21230 1310
9556 32992 28911 26168
-46046 -32976 -6298 -39798
91565 55435 54364 2512
666 74304 38529 -88476
816 59710 6734 18236
-2646 88702 -27817 55338
69516 28260 72467 29877
55040 -78654 95124 -17796
93147 10631 83667 93634
72306 86012 45378 -87768
28634 92812 90118 12949
-80680 16950 19096 24804
96580 87531 60574 24495
6298 2566 33884 90376
30908 15381 76218 54466
64398 24644 13516 81514
44 2260 57795 73528
-91100 1524 14159 6016
6819 47180 58627 2568
41112 -55706 -24207 -36554
82164 13373 14592 59129
28364 2823 -31796 -36720
11448 51948 49484 44529
-27483 -26344 -86401 -45108
79453 53885 85249 63674
-544 33768 98247 26330
36753 33996 65483 20585
17971 -33267 73487 -74419
9884 40563 44131 86687
-52448 -26666 -24074 -23166
62310 67596 97827 42307
20216 -84468 15111 21892
77694 59948 85307 18652
5300 -67961 -37014 3346
86319 79920 45308 16429
-77336 11860 76660 67939
85391 36129 3979 75812
99450 29574 97130 -18319
8968 3476 16104 23415
5820 -18570 50209 54161
72071 12866 44439 44687
-46142 47440 13770 32562
9913 1868 2580 19363
-97958 42754 64340 -48705
3419 23782 22439 1632
-3854 86827 41430 16860
26312 13081 51498 52512
60116 81034 -77624 25339
11610 20848 37385 87884
-11552 -16898 1550 -8955
37040 51884 15056 54073
56590 92373 -94282 72946
731 19535 23444 22541
25810 27382 64514 -13852
23519 68275 9598 19429
41741 12679 -40570 -84788
41990 54257 73185 26776
54318 54499 84890 65850
16473 37732 37032 28943
44846 42010 67182 -78178
8425 3654 599 46341
9399 35436 -23842 39448
34762 93169 65109 27138
66505 34298 26439 -64086
58823 25290 44687 71028
-18928 -12218 -35370 93875
59602 91187 19339 55776
10500 -8446 36187 99580
6348 25575 5843 32915
97918 45041 -89302 -95251
35462 36461 80124 64932
-97854 73948 -75362 -51854
82431 38280 80150 70350
16293 -80873 -62380 -89351
65879 76368 7662 42210
-86780 95244 20807 99300
77981 87453 64098 84447
-32654 19462 -96668 46494
1092 69615 38894 70882
-16387 -18188 95340 -23482
97602 24175 32273 93805
-35474 43627 57466 72735
74581 42383 36947 95540
72162 33760 -55080 -1382
77843 34136 83727 20867
16646 -37308 -62468 7240
98971 56615 50290 70514
96897 -44308 26314 19412
84410 56340 90646 67944
-89170 34225 -61154 67750
10391 14255 68427 76243
-75582 66084 35895 54278
44264 64871 23580 18947
84746 92020 48720 71602
10825 72703 25922 55898
56355 -62816 -13604 -15357
4040 6078 78125 74246
48392 -57320 80463 78111
56880 23201 62161 20847
-68609 66764 -54640 41190
84889 44539 97565 56713
-92336 56534 5512 -21855
77956 71652 93807 68632
-43995 31467 -13662 26478
23060 32734 37027 94697
-19086 77408 -43336 -1027
79988 92036 27156 77091
21024 90304 -4796 70502
10165 18150 25238 41133
18778 -28786 37454 -64132
24464 33193 27010 44898
67764 -13693 -87658 -25452
16965 20531 68796 94457
76831 -98892 -63964 5280
7370 34825 16153 13030
16808 -96554 64433 7996
99831 18485 97203 53239
-90808 19600 -4672 -3322
44613 15648 51108 71392
23173 -47630 -99381 83962
30901 14647 14934 5690
33804 -71284 -97792 -76543
90744 38773 42235 53124
46031 -4148 22804 5754
12989 96618 4586 38558
72408 -66354 -81816 73782
28258 6912 10236 79842
36358 72360 -37362 -32187
17358 87167 63777 98036
10785 16262 81942 40171
73882 57539 35666 29018
5359 72678 40600 27382
45669 19949 32862 66264
69514 -273 -48898 34525
78044 65537 16929 94610
-84570 65607 80055 -55744
56354 20851 50846 70504
-34246 89219 1729 56902
54918 23656 7975 7328
34112 77506 56355 83544
13027 84211 80098 97513
5326 -138 5685 28816
46245 66056 32313 26897
34006 -86290 10574 35064
81562 52538 8618 91804
19894 -1404 39446 19679
77468 49265 1064 45657
-20612 24922 -59830 -21958
57917 69538 91800 59576
-84964 12930 -34030 34610
29098 78851 67046 41743
28487 41107 -42970 -64078
31791 12412 95797 8154
42060 66808 70496 35270
7234 34570 49400 2255
85601 5930 63304 -69143
33610 59200 85205 64488
99101 70132 76028 -74916
95128 9934 37703 33822
6840 -63842 -56626 -65470
90180 85478 79771 30898
-11646 -4985 70284 -42935
81226 31157 3615 60005
-45502 64668 64258 16858
98099 14049 23492 29249
-48040 69508 83786 -26650
26657 9445 50762 4407
-70784 -11060 -69810 18202
39760 45703 74048 6644
-51074 -82277 -43414 -29304
95727 19259 63546 5226
-52084 62072 -60298 -88867
71058 70330 31673 53959
-59826 -90484 -34188 88914
42631 96816 17216 98569
73473 41809 81058 13348
85513 87084 25140 71000
-99848 -20320 -23042 -99002
91434 7165 81702 67051
-76390 -66484 87676 35982
80653 27736 92597 24403
17038 -45440 -74024 25366
36936 23568 31125 23542
44102 81544 -55388 -89177
7997 15225 58967 51467
53036 56123 -44820 -52021
83540 88317 77497 65403
-4589 42764 66902 -57864
78146 81801 38160 13260
76024 51532 27504 -34810
5082 15125 69447 6300
-24488 45932 15722 60374
26144 71903 54508 69986
70007 -33198 93140 -95930
67870 18845 81810 13888
33052 -51656 83980 57461
95688 55610 39916 46249
10945 -73362 28056 58368
66021 21937 36055 4491
-69551 -37582 85505 64178
17741 21123 23439 82692
31352 66784 -42008 99056
84195 67702 20801 65198
-87640 -86152 11186 7020
2977 66376 84362 4090
6224 3264 -23586 82356
29765 18961 16492 19700
37106 -89208 -14650 4081
1145 60809 49887 66902
25066 -15693 26223 -25762
66582 9645 48267 78250
3200 -35110 -84362 -55540
6681 23780 72374 36437
-97058 -97206 79405 20172
90590 89885 57115 87125
-89518 -22616 -97844 15612
30970 4296 93397 14683
23719 97628 37640 -63508
29709 67994 33199 39048
77875 -63083 95140 -72546
47189 5852 17833 51593
79304 56291 -7074 -92542
16894 59234 84579 54032
15942 -40246 -52756 -75008
69589 4487 55576 90884
-85924 45025 44612 -8206
71690 65840 6200 86335
-48356 94754 -67076 89336
25567 61636 75456 35590
-1960 95780 -82230 -90176
22147 36503 99195 71475
-4496 -71776 -96260 50211
37463 71181 41792 86029
-22896 6724 84102 -17914
67798 55323 94715 89617
12183 15588 66790 -9524
4205 18602 40650 73997
-79621 -41096 -75324 -52862
2463 97939 68116 95252
1035 30369 36742 -77434
35690 39582 43914 76255
-56482 13880 91258 -2365
33596 80259 75525 34002
95365 93824 -79898 -55008
90294 18902 10059 62314
-72488 91367 44702 13182
14587 26197 53801 86480
-41788 -74804 -67291 88982
31790 36351 88515 44536
-6414 1404 -21940 -10688
13388 28996 7918 50610
-7058 96403 71656 79592
35066 65522 24029 36219
48348 90053 -38704 99488
46072 29928 83202 885
77666 -48944 -24852 -26320
17246 19101 745 46542
74430 -62279 24012 -43788
85336 75260 85246 92939
-18972 -25652 -52796 -998
21213 4016 74971 77728
-32812 96476 57606 -61897
66444 4712 3472 89481
-81470 60920 38922 -15883
22460 89323 31020 78226
-80878 92562 -40098 32620
86455 4606 19100 88314
32486 36167 -37480 -12642
84007 46246 59509 16354
23318 94096 38902 -88085
59355 4984 29375 8529
79279 83520 33960 13580
28725 39602 22033 83547
-13806 830 -31460 85222
87719 99117 93107 31735
28564 -78044 -74398 -71032
30292 89771 59928 27991
77305 38504 -53336 26496
83572 35936 30850 19426
-26282 -11474 52082 83446
93325 28944 80947 84028
84550 74426 -90108 95872
84832 45414 31881 33222
11400 -76716 -56080 -63804
91182 22285 37639 69792
-50222 18710 -90248 -5804
53867 56066 15689 54840
54360 81642 89724 53960
83086 80059 95027 13323
57489 79603 -65730 91910
57976 63495 27263 78384
-34426 81834 39984 13335
69796 4476 70444 88030
27968 -18106 -9 86242
41593 83953 22512 99393
-48580 -82294 5894 12654
97914 33521 35733 37545
31672 82639 86361 -27943
98451 48430 55504 80879
-84600 9688 -20540 77288
34561 31636 2503 38699
90524 -88428 99724 -70218
49794 5197 68107 70279
-10972 79065 -9878 85040
99172 33776 86284 77358
25206 77376 72710 21595
95956 48064 66821 84216
-60054 -95992 -7570 -3824
9271 67711 50700 79540
-26140 90948 2616 -14492
70491 36951 2206 65666
5707 20487 68112 37626
52732 26724 79183 4308
-25863 68396 20750 -73754
86343 72692 91403 49542
-47432 -65680 9686 25072
43915 4389 27941 60548
38721 88531 45461 -50552
1082 23059 81409 98957
33134 69242 -87178 -36950
66877 21710 1315 93468
98519 -81944 -50452 42021
26917 9608 10185 5333
81069 42942 10556 21002
61804 31809 78145 67930
81162 25884 -8144 -56374
70245 49381 19159 57159
60152 -35752 44053 61376
8374 20171 90538 58456
93187 -86098 -64144 -86133
91491 13736 2349 72621
25702 -8810 27360 -54978
23352 32731 95366 2697
-69854 -77618 62968 8088
38678 51192 45745 7000
53846 73321 58266 62922
40220 14537 25379 43102
9888 -81124 30578 32087
67237 54885 5270 88688
-70480 -24160 93038 -4800
10206 36154 93507 13372
-14472 43000 -52154 50597
79373 42195 13193 15400
51119 83812 -39672 -34888
55076 4518 29524 57860
-29914 30884 94008 -46078
27356 32276 85188 99130
53714 91842 31978 -79686
6816 34046 31585 50859
-89440 75933 38936 -45582
95489 59784 91797 96600
-79454 71780 -75062 -27166
60674 60857 50789 76012
26758 5055 -75917 -49100
8513 37199 99861 74103
81800 40856 -78982 -78144
79218 78516 46333 17574
57228 13852 94278 17694
1695 34942 76486 22363
68850 3504 73748 49051
96158 11749 46238 55327
89772 74081 -14168 99034
26160 95022 26400 22445
76324 33485 87126 -23734
51820 80123 51819 67106
-69671 -99072 -25426 69299
51476 21838 75676 85106
19239 -42870 -84688 32705
89375 7480 88731 86155
15823 29915 98582 19590
32069 99319 34722 26046
-91618 -27716 73418 88769
3352 66103 34358 21140
10818 98101 95022 68022
26048 99897 31726 94465
5452 76243 23506 58579
70311 78174 4838 4311
-8825 77660 64110 -57208
46184 97685 77971 98256
-59692 -35664 -79383 35617
93245 44788 93053 89838
67368 -11908 91666 91516
22163 77500 30774 90775
21956 -83258 72594 68502
27197 4130 72162 23293
12954 -19398 66415 52092
77554 30706 79908 22045
-80346 99329 -51912 -58940
84564 65382 21100 61686
-54674 22026 76364 71452
88989 30465 23973 27301
-79726 39528 76193 44547
87688 48359 42508 71714
64589 -8806 -1388 35930
65974 55746 54671 63794
33557 -13108 -36786 -51827
58257 1462 23783 45178
42423 93964 84656 2618
96183 25916 3094 32781
90256 73538 -58835 -39808
52791 71445 99050 66559
68780 71106 42964 35196
76307 92086 19068 55159
-87600 -24588 53408 919
42481 26243 63852 33764
71687 70252 83972 -11757
7272 69816 66608 24345
14828 22979 15666 98434
69615 16354 13077 5683
-49008 -20903 91287 -78806
10091 24859 27704 55117
-18276 -80292 54114 80920
49177 37590 34633 33850
-25885 30820 25834 61014
38566 10417 1625 5665
-67744 -12146 74896 74818
71690 51173 31752 16996
-25192 -46588 76758 7408
92406 8129 95668 72249
284 65919 12808 -79656
43592 34918 45901 2324
53980 28974 15930 -97468
54631 46794 72028 4817
8952 -15774 39402 48312
46562 13871 70249 6760
42720 -34366 82318 96470
15934 63438 70927 6904
-96985 47088 -34295 -22702
73191 98739 28526 76845
51962 -91988 67873 -76232
25963 28136 55299 30257
-92875 91437 61396 62917
92739 81806 86528 79322
52462 -98032 -60640 -82995
86206 44903 53203 50731
97794 -37769 31494 34864
35306 88789 85480 56256
-82355 -65750 -59675 57834
53361 69883 68295 36255
31524 51310 50787 88086
51680 30275 82466 47271
403 77293 -30638 39158
26967 31367 52352 86772
-30418 -56432 -81396 53341
1206 70269 31224 56618
-45304 65690 67830 13807
50627 82340 2484 61353
64952 72937 -70668 31099
14085 154 86105 15530
49296 -91119 59014 32105
8990 43956 38049 61918
86196 635 56069 60709
41979 80206 77882 40870
56030 48256 81710 -25984
68146 80163 55051 63767
-58000 75532 53908 95818
25187 42085 58069 64430
83792 57320 8866 -67490
1200 88782 9617 73340
-2038 -19074 51824 -76132
44169 26428 22232 40910
-90258 57812 -64086 -67350
9174 84719 58547 97485
-13988 -62972 -14398 63816
58218 57512 76130 22104
55352 15758 -82152 62155
83422 26033 62421 34205
-79875 90594 -85560 -34860
99774 64049 42299 95551
40340 70158 3820 -37884
4062 36767 61064 2814
64989 44764 -15514 22512
3565 79704 98918 443
28859 -77222 -39814 524
49737 56122 95556 87079
7636 -42474 -16985 45710
43885 56424 88411 30365
-33172 52297 59417 97040
57308 95798 23739 19446
5466 -63588 -62184 35524
60923 41247 25566 10224
-6012 -12533 60044 69895
42367 8292 74064 5010
50084 19544 73391 7498
20835 78859 961 33915
-72372 -55615 30319 -62830
29780 34821 19743 55563
3202 -71344 91480 82106
94550 63524 82823 81659
82300 5414 63722 92042
4325 66064 1241 98111
-30088 50558 39788 29513
36763 90061 28843 45494
40338 10721 92768 27580
46115 85745 56802 50177
-76022 -92669 95352 -26530
96828 5605 2235 13046
-93536 -34993 -63060 -29738
53642 44036 16094 69397
-2026 -35995 63178 86012
6422 8135 65203 60498
-53668 -7996 77053 65658
39119 38715 11272 92301
35305 30366 11799 76724
54946 24776 2675 91704
-25944 68076 40762 -87462
18130 16576 46831 77963
20691 93194 54482 -44671
73627 28187 50997 34882
-93736 93162 -28842 -73741
25790 10174 97147 63249
-79920 -49820 -73030 78149
82196 64360 62565 66592
-38530 45802 17662 87772
38038 72124 99343 26035
-21638 -54168 -55139 -83977
10679 80018 52683 83567
48428 -97460 -34396 87814
63565 5494 16840 27369
-90346 -63190 16967 5773
49808 34309 95675 70801
-4722 3176 -64469 45792
55869 13714 13994 8490
75958 62849 43325 71642
42949 21297 48881 26598
48060 47108 5299 44980
9578 12173 13720 91957
-24102 -4008 -54592 -32966
33237 91430 20766 50753
56310 -97012 -27628 50118
39784 20295 26801 64
-80800 -74182 43704 69880
73847 68974 712 65965
65381 -12264 8701 22694
88337 88170 39405 44757
38276 83760 13851 9958
45017 39908 82112 13943
-55026 -16512 71852 41794
73627 73021 75515 75320
-97504 41834 56048 15774
36486 53499 47027 37643
56874 -38972 -29554 21288
92290 12433 4136 88777
10582 -96962 -16271 -53342
82427 90021 23949 69350
80659 -96966 91322 -20610
59551 18790 79791 37375
72364 -90669 -74784 -15772
32101 5499 48989 49832
21714 91390 33686 -93813
99142 64616 89644 1331
-40930 10284 56985 64256
70999 15489 85746 29357
-18041 37650 -90414 15034
67998 44023 98415 13515
23154 -85350 32019 23308
52795 5642 66853 46412
29962 85020 77085 99680
8780 76347 85143 13716
94676 -11810 483 19566
11016 40448 32892 80407
-36602 -40538 96082 35995
51045 6630 29438 81973
10464 72371 51828 53226
19938 11703 62431 66623
94609 -33245 -98097 -97977
66632 27179 10042 81876
13850 6930 54632 3234
48604 60642 5841 67223
13268 -73725 -5064 55858
735 37673 50088 39387
74595 46514 -11108 42602
32277 69161 77718 48335
51382 -45949 94880 -83879
79574 47774 58996 996
52188 2182 -46312 96487
48021 52293 48004 16418
69869 -12954 74066 32036
80601 85179 74432 63821
-71925 -67332 -66372 8812
56489 57730 96637 50343
-39540 -90518 -4624 -27563
8935 25630 36388 51072
84894 -25481 -18974 40472
57944 85739 30490 36879
36992 -17778 9074 27056
15233 13540 15380 87297
-86818 73417 92551 -70792
77502 27267 16001 20235
-53560 -84146 -27802 -72536
29053 96755 23809 18288
68510 -14904 -57820 84467
46254 94662 52628 81645
77616 25398 -19111 -91657
26175 28464 2615 5047
50691 -3983 47040 -49683
75873 27171 13323 71510
18448 -88486 5940 -17143
96820 41309 58517 35280
-39846 48749 -28913 4963
96358 40950 94876 10010
84565 11672 -23816 55182
86333 96870 83448 21772
-15432 -31227 72780 947
66615 40500 5664 31355
-37355 -98046 -66672 -35466
66975 7619 77389 27785
17480 -44426 54292 -56353
92480 82160 49004 41505
-58022 43656 -71910 66531
12602 97987 71201 46552
39761 27598 51242 20258
99287 43751 12299 37418
-45272 25304 -12216 67294
85120 92792 78173 70984
45804 5810 -74210 572
10949 1244 98012 81508
54045 -82524 34386 87201
56530 35785 50063 77679
35807 13270 -77114 98539
92609 57511 73567 44648
15226 68946 -84748 -56061
82821 68629 95007 83372
52824 58922 69269 -15083
24124 13469 77436 78538
-83572 -21974 3913 12566
78497 49997 86697 90267
33900 -83088 -43448 12767
61764 3708 12995 53942
96352 -49120 -71893 -93966
73587 28686 57970 89236
-59914 -41831 -59616 -51265
79893 92139 30222 82255
97177 83336 80280 -13638
64328 16639 96211 92934
-93690 47844 -28480 22916
44197 70727 63697 90504
76352 73991 -84214 98938
13598 15232 92511 71502
-42274 68019 -14472 6763
4081 44308 23653 79613
-35242 90942 44615 56822
10029 5135 52018 63993
42218 -85717 20520 12005
44526 59720 21224 48654
16066 -55126 72740 67176
25202 1511 13922 63551
-79752 47806 94178 25818
50916 20968 35800 29906
-34398 -52538 12798 13388
19216 70520 13970 71844
-25318 60690 73530 -62514
53170 84698 7354 48181
72406 -78248 59524 -23652
76139 75056 83412 19411
92719 -8452 47372 -69958
73640 59090 4634 38829
91616 48892 12414 81294
41238 96875 66222 42356
38460 -29318 -7892 -23340
73952 46414 15896 80830
-41398 39107 -73590 70320
90987 71637 98994 29877
21838 20007 -97705 -92924
74801 3207 72783 1462
-97678 -27618 -90760 76103
37346 93152 5071 54754
19866 25428 -35732 14718
16269 24138 50359 52226
-69144 -885 31162 -89952
39044 19435 56258 25017
84451 62974 -10282 19159
11763 1461 93988 90023
16157 17458 99152 46931
99808 90200 71114 18751
-54834 67953 -322 43962
17411 70170 30180 60517
60402 60442 -87820 67478
5062 59867 61180 6704
6735 80297 78500 92762
86917 22754 98702 50122
-11834 70034 7670 -77273
28121 50766 83120 99382
-85846 48270 13650 -26164
67852 11180 73181 99081
-36768 5495 64490 -25137
52910 52213 70732 24587
96485 -42720 45848 -99444
80323 36386 65812 33114
-52419 72468 -60109 9513
4113 15548 77120 95251
-2384 8642 21871 73580
668 65081 51652 55714
-51055 1686 -4496 13138
92559 44819 18460 25050
-95320 -64254 56612 22240
22886 38274 49078 76291
-37659 4108 85418 -87588
96038 45538 76599 87523
-50444 83196 80146 33414
91042 28026 34307 4251
-93850 17818 -68714 -9595
92425 38184 20603 83738
65763 -83028 -5847 67199
95705 37607 14135 32098
72120 98800 -99398 75058
46624 76103 64292 48175
88623 -2148 13091 40896
98402 62344 54714 4645
50312 33708 72598 97190
88454 8726 73438 30420
97275 24494 -5500 -34354
32291 53023 18252 16368
-6128 73 84609 5416
17091 86851 42177 21155
63570 2248 -29302 -12142
78424 67755 39471 86952
16496 -38298 49850 -70990
41798 31439 40970 73559
65114 -31036 -58762 45092
81244 9233 30889 8186
-53076 -16 -20112 -62302
7480 7442 50301 52255
95658 -8654 9854 -64072
96164 48738 47554 66810
-65559 -90148 -80048 4502
38954 26510 47757 99599
65158 -69086 5192 12176
83223 22428 91719 16833
91522 40051 -58256 -79792
29707 78354 54884 55872
-42980 20932 64540 54114
18800 42779 89013 43664
71073 -79516 -99912 73564
25086 38164 9989 9782
53664 73296 79614 82710
48028 39198 4722 96029
33796 -51456 73011 35168
48028 33153 72174 10499
35351 74805 51380 -15574
7277 45156 63926 58800
-99004 59169 -77038 -91258
5269 51076 21357 97502
-95990 87708 6276 -80632
47209 90765 92607 30491
-19916 27266 44610 68674
10845 23804 19034 15898
-13882 85483 1528 30993
56338 45014 50125 62945
-33542 32004 -1584 -22901
83253 38576 62672 27221
57090 80360 -23836 56980
29408 20893 89103 47974
-41100 14360 -49566 -90750
41554 47599 56043 65442
-27108 71302 15432 -2210
44962 18103 44573 87797
60876 60994 77934 -55334
85312 32062 54136 67229
47492 -29504 87701 99439
14905 59807 86594 83387
34495 73190 76462 -85282
65709 10509 18423 23247
-90756 -53872 -75508 25024
97656 89473 28545 71510
-50184 -50109 39162 -6684
91219 89960 50395 87487
-13446 -67582 44712 -72870
7084 90656 13371 47678
-45632 -90039 -97248 -4741
31460 90389 76266 32711
45202 33042 -5600 -47971
20750 94981 89918 65562
-77372 83611 27864 69840
21960 42471 57499 85321
46047 -60598 -64248 38662
13858 49063 75331 1904
-96744 66898 43850 -22806
11258 89229 44724 81575
-90124 77783 61521 -66772
58288 16792 13685 19162
13906 37378 -83028 79348
81698 39061 49292 83215
60516 38052 67085 -27190
81419 59205 5963 65967
-33794 12112 88173 2086
72438 6049 11731 64549
-39957 -80457 18962 -35780
94339 89799 82512 20092
-22826 80766 -78218 -66068
56006 24938 53738 39695
79868 -86238 82909 40160
42200 48895 75533 6726
-41428 99790 53144 16133
1246 36991 81976 88216
52174 95374 24023 7652
1298 59509 79003 67303
-6048 -69592 975 6706
9823 48843 41439 86688
44022 -47530 -47456 -14866
47641 15741 5891 96492
-86105 -49466 -55462 42290
30755 5612 47299 99027
-43052 -3661 70992 49204
76141 82985 65320 41122
29430 63062 -41596 -30678
31195 99574 90072 67454
70376 -44057 63528 -62998
65135 80153 86044 51857
-87260 95101 14850 -67309
52385 43180 87684 94289
-2650 -23052 48156 -28934
80865 25289 88880 51290
9950 211 -70370 27624
28816 95849 56988 55432
64070 -94869 81702 8079
64032 11079 3003 34841
3328 51302 -3676 9329
49565 74780 25612 24744
81674 89734 -64480 17197
85886 65679 1993 97032
93112 228 73592 -42331
6200 23009 66004 79826
84010 63105 91054 78223
57576 45496 81522 13984
-16880 78722 -85816 -97894
30604 50251 37808 45128
-23018 75652 91068 77750
10783 65548 4592 43559
88984 27012 -68348 -94248
92614 91998 45483 16733
-14450 81993 9523 -71461
81350 98026 62613 32221
21080 -88604 -28582 85426
3447 74161 54068 70803
-4599 35554 22934 -22075
36988 66068 14522 44465
-90001 72 56546 70986
44835 91884 17964 99843
-99821 77922 -8380 -3274
25089 14704 71976 54338
67089 27069 -67240 -14090
59385 1386 90657 15881
-99711 31398 5228 92788
29686 84266 29580 76024
-52714 40206 -10218 4696
41390 86980 16039 46174
-49326 21718 63391 30193
15776 68115 33464 96855
-67920 47690 7214 53932
72750 11089 86579 30163
45146 -75714 76009 66001
39099 53603 23789 81500
62574 36936 -93662 85468
30792 25980 83170 99018
41627 -31927 -49968 90470
45799 90034 92623 36298
-86012 -38477 -55623 12139
72604 71141 5457 9432
5344 78996 -8222 -30253
51320 52540 90804 9618
2410 -79350 53725 61657
50013 6075 2276 62975
-52804 -97844 -84450 36266
41610 45647 30632 14919
33357 65138 52327 84930
82904 41434 80859 71733
2256 -73822 -67257 15787
76415 82958 70851 23958
-91116 96892 -57922 -94404
47577 43426 8396 27588
-60958 80373 35332 51246
55519 96261 5535 1130
-19233 89212 -86507 59473
55821 35179 60477 13379
13557 55754 70921 -61232
64537 14629 57407 57769
-44566 -4966 45750 -74724
70055 9377 2918 1738
29517 -41854 92316 64429
30793 75889 40061 17522
28162 28260 98395 -23813
10533 75786 83644 95430
-39922 34842 20320 45996
44496 44978 57146 44650
42616 8068 67621 -19122
8775 77979 95431 59324
-78142 12987 54147 32143
60442 31497 93608 6133
-55850 97358 68540 -76150
7304 82014 17689 28237
-95060 74598 -67606 6971
72301 28862 1203 19862
51942 -79829 85594 26658
18776 6440 35888 8031
-2920 -50120 -26852 62203
27678 91096 83750 69539
-44254 -58662 68253 -58188
1282 46436 65525 5230
84204 22466 99068 -49394
90248 59256 99758 90075
-6110 428 65438 3543
66057 13306 30512 83398
-28181 15050 -62360 -27956
35164 34253 68547 8457
-22205 37982 1470 39186
52320 46250 12849 12824
-64348 -48582 78260 26652
40575 92423 62797 66717
-85787 -79599 -95498 -15790
29446 87512 96496 86752
95807 17291 70696 -12196
11190 82279 57938 6671
-75518 51172 1130 83956
32997 29643 29336 44106
99910 -46380 55072 -94294
72725 26110 63431 597
-63410 -68348 14122 -95897
6865 82684 40857 79567
-44343 97232 -84678 5220
92384 59594 54228 29941
-61046 17440 34881 -32963
82116 41726 44428 96100
50357 7294 46412 -54291
34445 84101 8863 88091
-47700 5531 -12124 -33694
86585 35746 89327 9571
19916 -69250 -29628 -51855
14934 66662 13029 64090
-958 16410 80016 14820
67490 84179 78901 935
-35236 -86356 -79626 79529
18569 23136 83252 39051
-60658 -5768 20737 -13598
74058 51751 84701 74990
498 20406 4768 72513
41636 97007 17349 37754
-72902 66167 91603 -95074
16314 54990 50422 63305
99800 56940 24980 -76508
70909 12686 9182 4839
-44112 63418 71784 50356
99163 58779 61273 58750
23164 -34059 21174 23340
23162 27193 7311 25014
-2564 96070 39008 -94486
86200 85815 92561 71616
28525 71916 57046 30292
43543 45432 95933 86952
92714 51282 80483 -82539
227 4335 46885 14195
59916 -74768 42137 -41474
45986 2852 18427 36076
84856 86323 -33728 97195
3534 12812 95857 50102
18394 35955 -16516 -34204
28300 80998 4486 34158
40322 -95148 -48274 -46233
97246 47724 41247 250
-57552 -68950 99382 -57258
45539 95950 15331 77809
73589 -69769 68500 34424
79237 4266 74308 11928
36007 -15078 62351 7764
55325 12242 14241 63266
79158 51116 -96590 -30658
56158 47163 14191 95020
-75666 82996 7819 18014
86726 55733 35661 51904
-19606 26674 -30507 -13508
77433 66541 9039 38553
-22582 -55255 31148 46808
31636 43684 79870 49465
33607 -68247 -26498 -55180
73052 49609 74036 11450
-47930 -44018 64311 14141
32728 30798 75394 7535
19068 -76716 -50250 -94214
91779 73913 96790 80517
37836 14162 8482 59452
65891 50415 97277 22750
-43776 -41866 -5088 -40428
93010 23723 17075 60808
39259 4588 25180 70599
52140 5387 50100 82831
62463 87727 56542 11027
29569 95809 96727 84560
-50390 84568 98251 -74936
1602 92792 71100 71621
50102 2612 17522 79292
98779 55977 89911 70015
17450 5476 82224 -3580
84083 96610 43155 49354
11232 94468 -1852 51193
59524 35893 16073 39861
91853 -29406 53085 4730
81402 61159 88559 18486
-26111 -54906 7728 35454
74168 83311 48232 61344
-77944 63990 -34793 65207
41452 50190 67699 61381
49147 13269 -27856 -28510
44324 59539 68386 37682
47373 -59686 -28168 -924
3056 52615 82238 44274
2870 96464 -66788 -43554
66444 41023 76201 10652
46389 -31254 -51996 92031
14221 52809 60520 52107
-36118 -72604 21652 33012
71388 46271 71415 36496
-6842 37386 65644 68506
16289 30726 81375 7643
-69368 -74594 -30384 11276
83252 96341 23394 20278
-56327 19765 16920 20540
44961 34377 75074 39405
76327 -68394 -57715 -36688
37564 46513 5641 91410
-33102 -22618 88392 -19214
38571 85361 82862 55166
-40398 -43724 -90625 66454
56450 32771 11799 18069
59976 53293 -42075 -33610
36157 43127 5872 60249
11436 106 7210 -69074
78036 55595 87936 37731
-31110 59388 13030 -67954
97125 91141 7192 79982
-43634 39822 -26242 28960
66933 82163 26267 56106
26844 -91244 12108 -64800
8375 65039 71138 6701
11246 99654 -28446 32372
36041 92882 18614 985
25467 1512 -39848 -94044
67656 33926 42644 70984
82598 97054 -89378 2764
35173 15205 54268 2181
67815 45466 60168 -3770
67329 92817 27130 96766
-99724 -60796 61728 68200
11485 39550 51021 51578
48904 66534 46099 26932
27070 54004 18356 58910
-35032 84518 70705 -98074
12759 64647 3472 1914
-53678 76758 -37672 59655
78032 47044 9050 85137
-33401 44730 20084 67143
57544 49650 63770 67877
87538 -37992 65032 -66122
98335 38725 78330 25443
-92709 63406 -87807 -78276
87480 75106 50422 19449
43605 21938 14912 -38734
56582 64213 28203 72212
30043 69028 90 -56206
91484 99232 96400 62762
33153 -92454 89670 -80152
5642 90210 12756 8611
58051 -2898 75254 -42583
11486 78934 31248 65677
88160 26548 86934 25896
40016 35036 66927 64957
29572 -51410 99012 -68066
36511 18486 35483 86741
76488 -84692 60440 82664
38632 18155 70046 16937
-39068 43168 -54548 18028
86224 83752 16691 91743
-34718 58486 12074 -33410
3108 2162 59051 23891
-17018 48233 -87220 82052
13144 70337 40031 84067
-4794 31490 -92064 61185
59104 77702 91152 61302
78654 57023 -6822 44114
36837 38580 27355 71123
79890 76628 10387 -75998
72526 37159 81829 58675
-67510 -8720 -7574 -98948
51576 43669 90600 18740
-11232 -33244 19218 61862
34094 67843 38073 30839
-358 -53700 65960 31430
775 97299 86954 28584
-9448 96398 -37316 15156
24275 83578 9044 84823
73074 51170 -20391 55930
15814 74093 12160 69504
