1000
30886 89383
36915 92777
38335 47793
60492 85386
16649 41421
2362 90027
20059 68690
13926 97763
80540 83426
55736 89172
5211 95368
2567 56429
21530 65782
22862 65123
3135 74067
13929 79802
23058 34022
33069 98167
18456 61393
75011 78042
76229 77373
44919 84421
13784 98537
75198 94324
64370 98315
3526 66413
68980 76091
41873 59956
6862 99170
6996 97281
2305 20925
36327 77084
26505 60336
21729 50846
25857 61313
16124 53895
545 19582
33367 98814
15434 90364
13750 44043
26808 71087
17276 47178
93584 95788
2651 5403
12399 92754
95060 99932
49676 93368
10012 47739
36226 98586
48094 97539
40795 80570
51434 60378
66601 97467
10097 12902
70492 73317
26652 60756
60280 97301
9441 24286
29689 53865
28444 46619
44729 58440
8117 58031
5771 38097
34481 90675
20709 98927
4567 77856
72353 79497
54586 76965
55306 64683
6219 28624
32871 51528
5732 48829
9503 30019
58270 63368
59708 86715
18149 26340
723 47796
2245 42618
22846 93451
43555 92921
92379 97488
37764 88228
69841 92350
41500 65193
57034 87764
24914 70124
36987 75856
46491 73743
22227 48365
9859 81936
51432 52551
16437 99228
53275 75407
1474 76121
68858 94395
36029 61237
8235 73793
65818 94428
31011 66143
35928 39529
18776 22404
55763 64443
14613 54538
18606 36840
2904 44818
35128 70688
67917 97369
66996 69917
43324 87743
12183 59470
95499 98490
6725 89772
55590 85644
17505 68139
2954 69786
7669 38082
8542 88464
10197 39507
28804 59355
76348 78611
27828 73622
49299 87343
35568 95746
54340 55422
13810 23311
21801 67605
25661 73730
11305 44878
29320 78736
48626 79444
3465 48522
73416 86708
8282 13258
12924 67637
5624 42062
32036 62600
11899 33452
19379 45550
47468 90071
973 87131
3881 84930
8933 45894
58660 70163
57199 87981
48899 52996
13773 52959
39668 72813
81095 87190
16466 52926
11340 65084
22090 27684
43376 55542
55936 79107
17445 19756
18418 69179
6887 89412
3348 32172
51659 62009
2336 25210
66342 67587
19301 78206
67372 97713
1255 75321
44599 64819
17721 29904
39811 55939
15667 73940
11705 46228
11127 29150
65984 96658
63920 89224
2422 67269
21396 54081
40084 45630
11972 79292
7672 73850
5385 47625
39299 41222
6042 6640
40713 83898
52298 56190
42590 80524
8581 88209
88819 99336
37732 71155
18004 95994
14769 60379
81776 85273
47255 68850
21860 48142
45884 75579
21993 23205
67621 79567
62504 90613
1961 62754
31326 54259
18944 28202
13202 23506
2021 36784
22842 90868
35189 89528
8872 49908
10498 49958
18808 48036
57753 86248
33333 83303
21648 32133
72890 99754
17567 51746
19529 90368
14500 38046
49797 73788
66249 86990
3033 73303
5363 12497
10253 94892
19125 47686
13996 61152
9188 45975
3729 49157
32460 95436
43921 53414
26304 70460
60028 88027
66748 78050
7556 8902
4794 97697
58699 71043
1039 32002
6403 90428
681 44500
8538 17647
36159 95151
22535 82134
4339 71692
2215 16127
20504 55629
60049 90964
36429 98285
76335 95343
2900 3177
7971 85238
16949 60289
17988 95367
85795 92292
40743 53144
2829 58390
55340 61682
569 53541
53826 74232
56042 72261
9117 90360
28023 66761
81 26309
3190 95425
6367 18996
4234 14677
30690 31626
26057 64524
49614 73168
28205 90358
26312 47386
4346 65100
2726 34994
4916 56552
25578 93529
28946 32290
2647 56970
19080 99051
18593 99631
18627 30857
41312 61886
39214 88355
20090 93512
14412 59479
9610 58969
52274 66189
6355 47641
25433 56620
77888 98987
24566 98338
27284 87770
56856 90417
606 72260
237 25849
7205 73059
35217 48518
34945 90783
28458 36873
10873 67637
4289 20483
26607 70478
49314 72757
34471 45729
33459 91100
23618 89438
11388 58025
31233 33074
18157 33681
3493 60358
10699 50270
1839 33417
68363 75569
28794 92622
13173 19847
17462 96431
39390 56682
4292 45791
5057 55115
91521 96157
31491 88574
1947 62951
35021 59231
10537 93740
14030 85054
35325 54098
41081 87516
33002 53516
46139 72231
61796 85404
74580 82338
19218 39021
13970 39862
35379 84812
92685 94977
31536 99904
24176 33483
79207 99759
84857 89744
69911 93499
20127 63950
5236 77560
67818 75105
10563 40049
21244 88711
19934 41805
63291 77375
58955 93614
33589 43768
28993 44918
52805 76882
44822 76982
24030 26717
11574 93093
30126 86593
50253 81486
3074 50543
27814 34713
38377 78179
15775 74762
27088 32919
6732 35710
10294 11017
346 60235
45691 71137
5153 23943
22573 66328
925 49291
6710 94018
36836 77217
75055 96963
63858 87090
14904 78130
72661 98571
69633 89685
4789 13073
22604 56851
19805 49250
36503 67868
9485 39006
14639 82195
21120 62949
80226 80967
86763 87677
63981 90596
40865 87560
27955 39036
33518 67770
59211 66342
22532 45196
27321 72379
58270 94984
84172 94427
44234 52040
47283 70072
7398 45830
1063 70347
66950 82030
50573 53714
57522 86059
26924 34047
45082 89435
29204 71232
22954 30443
11898 45486
75640 84278
50262 89159
79262 89683
39848 61041
8324 41723
26272 49122
27335 54154
35821 37457
2747 9365
11776 91171
25218 60269
21703 38701
9933 14653
50907 53959
56728 62806
15797 48720
21308 47084
15334 42698
10991 76376
52715 98898
1052 25171
18189 71559
52506 54010
9016 78224
16539 73109
33378 90000
45053 58109
55081 89114
5989 71338
28067 59426
75223 85147
32231 76787
92122 96532
23875 91281
84850 90179
2254 76590
11131 15350
67857 73813
81494 99181
46081 54603
15720 52433
87982 90181
59415 97487
68825 79296
38722 65404
50551 96892
30297 90032
43181 99134
90415 98506
67057 99708
59999 80595
1962 12297
75776 87483
68977 80154
42587 91309
23382 39932
44266 95021
8860 13563
3682 9211
69086 77685
64285 90930
35990 94583
51476 97314
54116 95820
37525 41892
38839 95528
97490 97525
1360 51136
47643 89618
70337 80928
6582 26621
4310 17955
34225 70888
26815 74570
20853 43437
7722 60008
11783 12350
9097 18657
63827 89126
21269 22071
26651 33149
40528 60910
28398 30639
36610 41888
28577 92393
33890 98976
54552 55199
16931 26087
60099 88777
657 48566
77017 80952
72641 92735
89368 91298
18184 53195
55805 96776
23428 75266
52528 88954
19593 80308
22197 97278
72555 89672
6445 50774
5000 22325
38283 60997
48412 66127
65421 98382
14693 79334
42439 87334
48159 88421
22957 94985
1354 91761
78762 92972
31541 67716
11850 61852
3662 75482
50399 76217
1173 65154
86506 99015
39851 76364
24790 88263
23172 42491
70037 73537
18859 28828
7280 60871
55856 76987
46590 78341
25352 63970
87665 95511
49517 93069
7361 13083
41351 74112
6506 89300
4667 91638
9364 31489
34154 81032
36104 39875
6141 73679
13412 92538
34969 90636
11956 16170
62760 62844
6649 26814
4465 94314
13886 22326
46039 60183
1535 26969
20152 32621
11790 24393
37289 50109
34673 59631
84264 95735
74295 74548
1877 4313
53198 66833
94949 99355
57793 65155
78468 88156
960 82933
23286 98823
13171 75358
40140 85677
22181 93245
33990 72761
10050 50323
9954 84100
61075 68364
22042 35624
23919 42659
25844 56289
51238 93469
41551 74976
20019 25383
26343 63133
19304 61956
32475 65981
53666 68011
46912 88967
61729 90192
56868 80902
65002 88131
49207 83174
5216 49718
1183 92377
45487 57472
34573 38957
25062 76125
13933 66797
12496 93418
48153 93141
71726 75474
25393 96980
43485 85948
50030 72305
64029 69559
6898 52160
6424 34562
17719 84280
11641 18902
73480 93010
27583 92726
28789 34140
3708 42723
938 32557
10431 52493
24220 80710
77690 85905
29391 49613
38270 63638
27667 79421
2671 7829
58743 96180
9095 13899
37088 43024
49154 52386
10569 58232
55710 79969
30 92373
9663 98433
32587 67279
20094 29649
22351 91499
7339 57464
51742 87330
12086 47515
19915 31349
43881 50186
75634 95011
54387 74133
12722 23287
6773 39643
81519 86742
90244 95354
3124 10139
16259 52063
36353 77418
81712 85269
5404 58705
26799 42733
54819 92734
40435 74315
40853 91087
669 2450
16487 74802
45562 56837
63610 98089
85205 95960
66704 96911
2557 69829
18816 23403
821 21892
3605 71522
2443 46579
25361 61528
34447 73378
32700 64045
23787 74882
4899 75551
21386 42589
50353 99426
64794 66948
63036 68506
46092 77107
65417 79664
15921 88820
54166 98480
5994 86354
8437 74123
32933 99484
6312 86317
19017 33931
25165 86709
59156 91608
1745 17069
12995 67422
1171 96295
48569 80559
25676 64801
26652 46571
5340 58925
20172 51743
13091 74089
3566 6527
55812 98878
3050 85196
53333 62124
4213 65186
63370 78499
56794 95568
65115 86141
79342 82639
44263 82437
63198 63590
6202 69939
26513 91631
65128 78257
11804 94571
34683 52346
51225 98138
17540 90495
36421 68972
40634 87226
34158 65725
20356 90952
77645 85472
73339 93446
68111 75883
17603 47661
55825 87542
70216 82339
35344 79174
7330 60596
29294 46267
42013 60757
48860 80519
33292 94650
17832 81876
51990 90279
10635 63953
41598 59295
52741 96107
14937 80570
32540 44976
801 44584
14800 20083
15609 99492
66496 76440
12763 22939
5735 81304
2606 89873
30164 84523
52251 64349
42530 82751
16339 46704
53165 91986
65625 88302
19591 61079
22407 62547
7131 68484
4919 39561
21931 39053
20528 88427
15494 59819
17543 37581
23768 41123
40187 87639
24643 92438
7394 51988
51320 84680
4486 54098
58752 93018
54098 86463
49010 94695
63179 76505
16066 56142
68098 94425
4978 71472
82853 86966
16748 64797
22272 24547
40516 81086
9912 65159
61900 89877
41197 72553
43003 62932
55951 62035
18107 48498
10049 29154
2906 13861
70003 92334
35325 76784
6797 64428
63633 81763
10115 46560
51014 80381
20897 85185
32100 95097
2408 38329
73349 91313
52634 95879
34316 57914
8585 68775
22765 34986
36626 97930
6616 37892
6629 89569
87409 99752
81515 96366
22833 67395
44428 47776
29613 73847
22300 85026
3786 41062
30763 60629
56508 95100
29416 83397
30775 91982
14544 53540
28826 43320
6518 97565
29499 51794
51546 87134
16908 99853
33062 84303
22686 93842
48432 96534
39807 49810
18834 80869
53596 95815
27984 48696
11382 52324
94465 99451
19716 25361
63037 69343
54187 75861
5981 60602
5360 64088
38620 73879
23293 63941
22924 86628
17135 87708
56942 83162
1996 53870
7466 54163
97811 98500
66487 72515
26234 83332
45950 82290
8693 51633
25339 62880
2293 27494
32854 85213
66382 75444
30323 71475
10751 98738
15873 16951
14811 16465
68681 89168
34813 59683
48977 92499
65014 74535
769 15464
14107 48346
63072 73391
65740 88411
9587 52623
7057 37836
58793 73439
13281 46620
20114 28371
53418 57371
60596 88534
49764 69883
4697 73567
25800 66067
335 53674
47433 85490
12132 17457
15949 80529
81690 85523
38147 85292
7629 92349
66422 92335
21968 82140
2255 13043
50339 86766
10936 72025
58260 91653
65220 77052
19204 62957
31287 32983
19540 78721
34826 36997
7205 67127
33878 92728
19170 65169
47227 72798
11520 39563
39221 93660
68616 77883
12267 28223
55382 84292
47035 55511
32563 42553
21862 28608
51768 59895
71198 87660
22376 54968
41009 62173
74887 89503
54673 71254
18481 94057
21929 43823
74396 83044
31942 52280
44209 68012
39747 96855
44854 52366
3134 3759
1281 31742
41973 69401
13171 91638
62958 73413
14422 51899
41484 57755
5661 29090
16071 28780
63923 72603
38000 38320
69942 72000
6952 40012
3807 30504
75358 79759
72525 82894
79117 90158
14636 21090
22626 59560
32973 50614
1937 18865
43421 63748
69409 76620
5400 88863
1832 52786
39833 78004
7458 66356
14410 26127
6368 56631
34569 86128
23446 48341
27458 85374
10 13605
64901 73165
31867 38989
22490 40926
50732 86238
699 43705
72000 89562
65457 73832
42348 43461
30017 49807
26169 72497
32538 80569
15139 29128
35018 77470
20392 38585
21280 68542
2533 36754
41707 75743
34400 80550
1485 33021
33720 66788
45190 55140
10647 39634
45325 81983
70461 91694
48142 96630
45063 64191
45520 93320
76554 80538
31492 87142
930 8422
34 37685
27308 58094
29780 61708
38644 62802
21784 79545
41087 96522
36157 76925
38602 51735
34492 38548
30296 98986
10840 51530
44049 97051
20512 36956
7654 77589
68448 94872
32428 68482
32557 76088
26576 62337
37797 65220
25139 33694
38014 87005
74782 80282
42869 90523
25015 35236
81417 81884
40353 49299
754 92724
13236 46350
37710 40292
6158 37242
35164 86023
67721 74641
17569 62111
16260 46410
82790 87902
49955 86147
25916 41089
16439 82781
18017 83958
57806 65375
14511 99901
8978 14674
15265 77377
38566 52976
17669 92161
52833 59134
