1000
2 81868247265686571
8 29977999522611464
2 85871136563343229
9 16655716739845311
1 13736768779647392
7 79122814312329463
7 18383927626571573
4 31548647653632439
4 31183547362375338
9 62625957869719518
5 39263489892486347
7 13288936885417131
3 47396232733384379
8 41536946456559278
5 78649847962736776
1 49672397912838483
3 54721983337831775
7 75463524469464724
5 89513283937394518
5 69873819951388336
3 34394124262997972
2 59855653253775883
3 84478577144237229
4 72497644932257365
1 19583715494139266
8 99182994739918666
8 34143543238728694
6 84934724377639141
1 64477946775233316
6 55771531212327432
8 23278661768193367
1 88288317829789194
8 69615514517126834
4 32211888568822572
7 99837638988129919
9 95828419535414184
7 26414984874653813
7 43463873152491832
9 37385749737991934
3 91393212383483181
3 35917674454753579
7 91926232411243611
1 76281665612468239
7 42951764712816435
2 61498532444197189
1 56226374984477217
7 67979378854756165
4 91868296984459844
7 79354699913542527
1 24482897578755657
7 97485718838447555
7 14261913368717253
6 24376187741981194
1 64267748253494528
9 27661438535638125
7 86398527668557991
9 33555726397764171
9 22666381979861185
6 56953637714893748
3 66233816894436722
1 52739889151966376
6 55924254595479322
3 97283276573815316
4 28746983913839627
6 32259249447166611
2 18376559281942836
5 29562947697627244
7 67475547437959793
8 76333964555621146
4 69199785432488918
3 84438968759385184
9 39253281962667797
4 63247865361642356
5 64447393943676669
2 46669593636259381
1 87172318775688923
9 42992387323392196
2 15972237116391269
2 98827826723213689
5 91291797793719368
9 41399518646585393
1 49598648564436253
1 71834262768779628
5 72115547859137199
4 13359826565411311
8 32514316983692726
6 76932442249221151
4 79845175246692262
1 83996898891745428
8 93327754641748935
3 84874827338817926
4 68722585157656941
3 29732389851486145
2 81575931392311973
8 19884691174599626
8 16646744828898574
9 42926163994685226
5 99851738385556427
9 22311446848285959
7 99595147458937836
6 69333849334913652
2 34856548291557557
5 31434592766777832
4 73172826542972115
2 64317654335252456
3 36967854735948268
8 32134556488122485
1 47311584398871773
2 27564443351732259
2 97496264238221774
1 85319172985882629
2 33323235979375775
4 59545733962874113
3 96581218653186719
3 89555731818237565
5 53127493773698423
6 83653464187312523
2 31297334145212246
5 89667377226528335
9 56349739844289123
5 29149661381576177
1 29713899711851754
4 99497542858339297
2 87135919763199728
4 49394126734329912
4 71146143712525544
6 23163285155262275
5 56634755176247523
5 39934221125367899
2 53439941462722484
7 14585728578273415
2 86223262197357694
1 75899616635843532
5 28435159619914263
1 31763954977126638
2 31181758865875928
2 83677156628519387
4 41926211499385322
1 25466384212643625
1 13859657177358594
1 92213144483884846
7 91215818555634622
8 23951116481939757
2 15957227558411795
5 76212275827447811
6 39154974921268776
7 62253884343173985
3 72441557132698581
8 48949257443959863
9 17487534379133835
6 49163335912299618
2 61367171131584487
5 89971167838622627
1 24835871129747733
5 28998559682261353
7 38819583933254121
8 73611525559829471
1 26126318519576637
4 76821771717517816
4 26967884346781362
4 27267816384895581
9 47161636443574969
5 27153439955748445
3 75818143238858353
3 75248612336553912
6 95615371193319521
3 69582834894733992
5 28325323165178994
8 76933416495524125
4 56659854633987388
6 28955287568993345
9 28461438966795568
9 74429317311879485
4 38922481616493522
5 42949996635245724
8 52612938279391283
8 59223414875239188
9 78663363258412321
3 68725225923797551
5 76768498317113873
3 74763712234279535
3 65863563648845281
4 31443759679273458
6 72635486894626457
4 99466151485221471
6 99378427152592515
8 19945246271319235
7 76551497327516499
8 13237338228685917
8 55556116625584694
1 26827553754536958
3 58718946375675946
6 88753873246971649
4 11945499673218172
1 58261747598218999
4 17274264149934748
7 89218716475193717
8 24395287348886785
3 53869158428111217
7 96499387635868122
1 36646524344981329
2 25968244933915568
1 81412589518331794
5 85667957272889698
7 36476276953379825
3 17894979837679914
4 12996111962269849
2 34997632511841917
3 85471385348269556
9 16236219918616942
7 77272185717385877
5 67255986677732448
3 46715411897523135
5 11866618722654922
2 43229851853173966
5 24166928397311531
2 83257232327846121
4 22228649569375569
9 81119664943974966
7 17454378825511581
5 44628813377657362
4 96377525573395456
9 34339782497536831
5 73797724248538732
6 97516237819835894
3 74665297148975626
1 38789452819146279
6 98399886427798546
2 88449121437386995
8 71581259912499211
8 13843672241525364
1 68136266866647631
9 65878891314417381
6 94257699352125499
2 79987227826683876
3 35237129558564249
8 58511856233554956
4 57312956369922762
5 36126269534866696
5 68862553627679951
4 66318472938454229
4 62412146911745343
8 79859685176789739
8 11482255667922896
8 62149487159811826
9 41376946835588462
3 78173752543114932
3 95865481926953738
7 73834215595433918
2 26397889952727789
2 79697149317827426
9 82876825581297837
3 41248717249517672
9 53478568921652444
2 14795646373465419
2 33724668573871941
3 92899813143733913
3 66983259941767926
6 76877941918942539
6 24316489159786142
6 33614295355916434
7 49652397972832182
4 92694192412676518
5 47214185383211167
4 76314568899421811
2 28424734541957485
7 19666395375364815
2 58672466892352915
3 34731357615229776
6 12969294164694966
8 68338727663921817
7 96119248335688411
9 79715996785454744
7 37568726645432271
6 49125558832194527
1 79513943858892691
1 26876773914618338
3 23615264321212569
1 24314443175897135
4 41751661716687185
2 99494781462695457
4 13451898376886515
6 73687746158796812
8 61797153491937983
6 44149688366233272
6 74623783251522693
5 59155765752887256
2 94488217274499114
6 58823172564151268
7 59566683583725514
5 81614718794669385
6 51879928468694634
8 12651185711945131
7 22536285335715861
7 46287981361332253
5 41773321777548237
6 33458558461425589
5 11665187679139352
1 94818757973894637
1 13771573215282553
1 25712188222892178
1 94282499634633113
9 88799877852441736
8 66696756154322971
6 55318452222885245
7 19313524611744274
9 16818784397545444
4 83651494511989549
1 25422865278595757
5 86844719434123532
6 25839458893549891
3 68298379523652832
8 56635766445449966
7 84723756646721172
3 47878183978634795
9 41592243249162746
4 23627279346819666
7 59741456597939288
6 75616264997542314
1 26775248834689847
2 63639353351662216
4 27219468139743995
6 31635481371911618
4 22924888257417249
7 75592461238949138
5 14398746539494933
8 49659423123843241
7 22164772142215167
7 88987279263924127
3 93476584761238794
2 81115496585312527
8 45312122662979887
1 95443861882555753
8 52817974859438863
1 56113957422484562
9 38382124891173553
7 45454389613795512
4 13881677623886199
4 27476645963113369
3 26857113412323857
4 91664964267176451
8 31161991953682427
8 11917584136288994
8 61845191123571641
3 89499985772138912
4 98399544598496133
7 91266458247156853
6 96934761242411325
6 59241843218465837
2 81294314234688581
3 64362197471868985
1 85398654279276482
5 68394189657154371
8 34158964572437137
4 35369842969959354
9 48375485187599733
4 86673547252643269
4 76954612474629354
5 77982823138853448
5 78613752656973562
6 23724378619446995
2 79214788834763734
1 69627531921415125
2 71953129389475334
8 66855666845252224
5 23222156666949492
8 67221733654173384
2 89523296835118531
6 91635119127534263
4 52734235887624674
9 55846486592716977
3 89545994149534987
5 93849129486113844
1 34545487553173354
3 35971452613925166
5 94946143358658945
9 78818187483929282
7 83117652424788579
1 57883862871948227
7 79691768683368744
7 19964956547285134
8 97755751323791486
6 58299898171267813
1 75917956962324133
7 99597393173167537
9 29386287588657584
9 83268244974463471
7 86444996422821114
6 38795118325184617
7 94243394173545112
5 92324612969429531
7 39946969468387286
3 46311222162124785
4 78382189596239738
5 49634515781227823
9 11759349922766516
8 36194193775945917
6 32631574822475172
2 71525989257621751
5 95985892399526368
6 34549271935772147
5 37434355788341662
5 57539776778298841
1 66512233996928651
5 96861481244347676
5 68555827659578163
8 78892994558174626
2 98633571154341197
3 96421225376863496
7 21536657646245776
6 65181544784133975
5 38962575859285781
5 14862264551771365
4 99672589738778264
3 58571336459698533
7 62632289895297745
6 57282128769935895
1 13782989631885391
3 82158728217786932
9 27671648966982976
5 45363118471562127
1 61654943117451784
9 62899825825391345
4 16427139297373559
4 12661188889339768
2 72168865817826782
5 61356978923737643
5 98777558826973775
2 72942914655874522
9 44724291265659553
6 42886361782676937
3 46131485317679537
8 51897752354855267
9 93394738671153913
4 67589945248935932
3 15849633923258675
4 66889451643753217
2 79448431187392877
8 89843125236621334
1 76852572456115766
1 57368697621995379
3 94226597773455878
6 47298277472379681
2 27684728286127736
4 41856873519311948
4 18214585238649435
9 89338258949578378
6 24926758481888611
4 95966814628257348
7 83532387145874147
6 37766562363132272
1 99774238333993446
1 99926298184281256
3 68862858192578467
9 75683779782388972
1 57644581496871316
4 74329438923295658
9 74714378198735834
5 76345354816474842
9 48758398752896519
9 33481738189374826
4 43387266784485693
7 43351255534875171
7 87233361737872194
9 16248493817955445
6 72542998887975566
2 96466238463999141
9 21796293446134477
7 69593562444335192
6 88631913349913833
8 86191423691558488
4 88612489641638337
3 47376329257965814
7 42575525125546243
6 73587952312665519
7 31332773477634659
2 24343478628398421
3 65692142294116217
4 45276713544541897
9 71988366687498826
2 66527641428295962
5 67233863622937556
9 21859666849986598
7 52923113648239984
7 48112179629292363
5 52713323292463263
3 68999616831855915
9 34331466671776544
2 14665649127318411
5 46881855378686729
2 72953651492425771
7 63969696967985177
1 33159988345318682
5 41817675879552564
2 53956384149161132
7 88944868822235419
7 37918813925161662
9 47826747257219697
5 76567741716878339
9 11626314973499944
4 15553118631621471
7 71145382175223665
7 45516547473237932
5 69646955988353571
1 14648651342265818
3 71768682626626779
3 12444339729546511
1 46997637292933144
2 66217851379173473
9 15623783974387777
4 62366243277267797
7 75942158725438354
8 45861456126561834
7 38597111833185571
3 13985328392444392
7 92753158583313579
7 78695528827984267
2 49967366381968795
2 44895394789471366
8 69297961549831288
7 27163777573857746
4 22563244142811386
5 53291253825256279
4 74577555573295282
2 96367779387914138
5 73937226634751156
7 22729217321167347
9 38392644658197268
8 56675472173645462
3 96448245639414849
3 74262423937164497
9 98551479753478894
7 35727411841347282
9 98843988767137397
7 27878692317486161
1 56892392898577954
7 84712229696418988
1 95975522384632979
2 98158468154833127
5 66684735622511493
9 18711863972628364
4 34894124831922562
6 58645874479521977
3 58442511457389151
3 37545484478174795
6 45657176961961514
7 59865652721252416
9 22587361112274139
5 82761555576165981
4 16584698991659693
6 25269755941981436
7 65635467326387692
5 46119875915361891
3 37946344791852432
2 19677213982183556
1 59329382594412379
1 67135131355649568
2 66386434438334727
9 27921274129625122
4 44776677748237998
9 15184945227358615
1 69713333992762269
5 31843357187581239
4 52448512495357318
5 33139557661375217
9 55885387787529629
3 44977794314776252
6 77125554485117494
1 74272329634779271
5 33841251868953369
3 91251317223143336
4 48295989293122835
9 55454638858362181
3 76995376246619844
1 86648465353159636
2 52545215166262526
3 39752757599112253
4 41827331471783758
6 11359937831264236
6 56762749982542456
3 27119895287559994
1 67933166391691371
9 57555977766169551
7 46343272287972424
6 92467762584557158
1 46234691831997113
6 56794846421225527
8 77737534912247586
6 78217229458913474
1 94384476194551161
7 61475265371667784
8 28418831835798745
9 39236962739829659
2 32392761312793685
1 89232913846568467
5 11331577526722612
8 92853476112559682
4 17258599469527499
4 47125961996844538
1 57981712442153752
3 37127471711315783
8 53764648692794593
9 17777776242496479
5 13172948367355129
5 86198215529241337
2 28135559152917487
2 85615638651143845
3 97193261698114655
1 17649743725934631
6 24672382624822375
9 26188558621459726
8 22853922247648345
8 87426252191462644
6 35629381882367878
4 83589595456699151
7 56534647324159117
1 37359916688443186
2 57778863841342756
5 44192735912336971
5 54618649584835224
2 87455567852717165
6 98435517116492837
4 83845113596934666
1 24522231324759713
1 12331933187488737
7 29731893772879973
7 45741476936498461
2 57392476344587749
5 56856565199824541
7 56377416259814466
1 13319268322464982
4 19924672818486495
4 11242257524454333
5 87467284893311132
3 26745861983918655
2 61329321331539893
4 68455435289474293
2 25955977634869573
7 15211928147337529
9 86648193749918216
3 75878591939827268
8 48119788398893479
9 16878768374157637
6 13433999215193459
3 13131413876516846
8 35545723957757937
9 46321651214784117
3 86551124796381882
8 46834989381716341
1 41489185862723276
5 62569537138842858
5 56111289497743887
7 19381174136689989
7 77716488446195823
8 97971516214278826
3 54176475836283858
6 18228314195798895
4 39823211586354163
7 92871147836346137
3 47164468552628776
7 79469764364867352
6 87222471947585398
9 64368444956113714
7 21514349568332647
2 79464962229561312
4 33356178222739443
5 49638464482333557
1 45734894518859592
3 35464574726519771
8 57288763619632146
2 83562982636619427
2 91231281174462625
6 81543213845532542
3 31345471329657699
9 89261481514735536
7 43772534984879774
5 12541783214777722
7 64161245992323276
2 22332478147114497
2 11797899824215315
4 42935734843561311
1 87778169397712814
1 54437471391179724
6 27326987845957369
1 14831938679939438
1 17581783489187477
4 47994767497277824
7 69997694318952621
1 84523221799846725
2 73513195265943383
4 74421393644961281
2 98582985983227339
2 46491784779698445
5 31728728428332762
7 37185944655875844
4 13925837994844622
1 83247422873921313
7 65462525976854246
6 75633832959226439
3 61736118491745398
3 71263152462387259
7 38357321827625438
4 24339446958892426
2 35917746957766888
6 22216775815297775
2 28711456924673762
2 38696814571962549
5 54135289533644283
5 61896662595448831
1 26868191488442598
8 65982335185885248
7 58764385515388576
6 96974231644526163
4 98948244978338993
1 26159598195124815
4 28785686255264769
5 88396777165374239
4 67771186442181717
1 64547975167971457
4 33744952721424567
3 34537995917439473
8 47716525858671791
5 87956686523577357
6 77262926885611495
7 31379515239764279
3 58635885895165881
7 21213878364968828
3 96754959536587577
5 43168235914514988
3 52994529247781974
7 86965415591396493
6 43546913999145541
9 59496396845878122
7 29788493844716625
2 44725912612553528
3 55326486928232682
8 59117263282915326
8 52533343278364942
7 35943812333625545
7 49854467551723984
3 53253222665228872
2 17969712897992917
3 26262751335426889
8 49728418616118622
5 66696115474357296
8 34462962592657284
5 65112434833213527
7 11641795591846146
9 57319327458126879
8 59176159762134763
4 64198877545297114
6 86439323688832119
6 96229639127453964
9 85231781682538247
8 77556982157424616
4 54521461952426161
7 46641171418724943
7 78742873286239763
7 67585437521786539
4 87493113778132557
1 88539596136845382
5 81555137961748589
2 36526291498344366
8 47333376994894243
8 39668479593176789
7 16394453656837681
4 97227422179741357
4 81645115761777568
9 17182156858594358
7 56999776491981788
8 83267794229972349
2 26533531376135138
6 95917672695584827
1 47872454866594984
4 39586815984667144
2 77441769155377293
7 73971316197285896
8 72754151761125189
2 28595183571135989
3 85238917224215732
2 39254235623438641
2 39748138398282886
3 77528551382172746
5 26144932127425166
7 18534711883234846
2 18189821114654294
5 43531521972382179
8 39839362471895825
8 76644869964944816
5 19646493875132595
6 78364536816536487
8 37882375294451254
4 97985518844594961
2 87686728743871548
8 68649767263251688
9 58799774717583124
1 87573785543237976
6 52992637638714452
5 97952162737289378
4 11842419723662446
3 49212899724434215
1 45197351264665584
5 43295635746159536
9 32845972537658867
1 99652954876356239
6 97547279165543395
4 89554178688328779
2 67141494422837772
1 56782512168154568
5 75616788535419877
9 15118684817454892
4 69912439117577765
6 22792415584627386
2 28198523298538495
5 16734184882492971
5 33729462298638291
4 86764671767619652
3 85493945532369615
9 79725253918136344
5 37759974834298141
4 65654234638988432
3 98489878673486751
8 41293768472511326
2 93848856428293299
4 64391248951447421
2 76815423432457555
5 46211243882779339
5 79719824466899418
3 92577625525372941
8 12146693433932176
6 28849364358326229
5 58768759844395859
5 73978577198723397
8 62733239614359626
2 64841419438123163
3 75323645577981345
1 73924625621836157
1 88546914136313594
6 34183945347946777
1 67347867194357445
4 19931495942655379
9 33419833546984656
7 85988821337999341
9 21245531875241418
3 88181889583372495
6 46413824844549147
1 25753871987528856
1 16279393296896441
4 25222843528196613
5 32741297732553962
1 35274973521661724
6 32392246513693919
3 74695452513665762
9 83513549737442892
3 34254227484379519
6 51332145224134529
8 28436762412346176
2 51669772292873685
9 58189281697212956
9 21819964993395194
7 29676365369631689
5 65655854441519264
8 71374934762687941
4 35548587591855652
7 42197335729739173
8 11337483855899916
5 18978651556714526
1 34386766444784671
4 43265546867467665
9 22335613767678865
4 26792226852341254
6 84667222977416976
9 85549473585634989
6 78575284661257671
3 85514166252189614
1 12267159514513833
2 37529426156446452
1 56894234417597229
8 38422135467653939
2 49567984573256997
8 79314148148752575
2 73499615272668668
7 63544398245559788
7 36944119845689631
9 39523866722484978
1 76937365235295956
2 31772917382888268
8 84376566951451427
3 88994179675451565
2 19584328338954523
6 98655869913294129
3 21143625146315147
3 21388518617539321
3 79752362565994993
8 23461882793627393
4 98352528925975211
9 86145377894123645
5 97266653143838342
7 46224595858385791
3 53546529443394916
3 65528326695497751
3 71212228689983232
9 33389739392398127
1 18846534534626955
8 95722631519211792
3 23475736128388737
8 99721618475697614
1 54454382852521389
1 29866423853955381
6 88541779595597453
8 82146238664693234
1 71999546969227129
4 12275513535939998
7 21114925594435349
8 79129389269911989
3 81518921243197796
7 95618318276182839
6 21513519289536787
5 95312919861839851
8 91886518185534964
9 32887667639616662
1 13891341626716665
2 38881649275454643
4 44415853227619565
3 26241776119143271
5 34753413138561154
2 28798492426567812
1 59153886881971729
3 57498822572654357
3 35691788547461187
6 48585527822552711
8 57491824892545181
3 39992126394159768
5 47937151468489288
1 67484778642396986
4 61476323911516243
6 89231457723369396
7 95963713114141953
8 65534839747114471
6 28728832895878332
7 82455833349111651
3 33499677587455567
1 57352132886816833
8 81318941296878593
6 75562842312581388
8 73869346865211436
5 27527663491375341
2 42728916938557198
5 45852676277981231
7 38391836633474639
7 94482177961733539
4 92754789252198216
3 22187858878717979
1 58961247958467545
9 27574245819824417
2 98672415138397954
2 65626375583973847
7 77267966461554984
3 18557852815571984
6 59283337495716458
1 11981517393657575
8 75313863295774869
8 81419643479634252
4 17424698973738767
4 31667399613823333
5 99164336973693456
9 65626875916233138
4 49734963976562131
4 88678288461172954
1 27425761841879644
2 31976874948249858
1 25998964695827882
2 68542154816628815
7 78828199775989523
5 95673222999347128
8 95579845766714248
2 69439353743322756
6 37292549634549472
1 87251489354794281
3 14376621335443858
6 66468537935936251
7 82584135189855269
8 19592875287934162
2 42541413798678516
5 61756448524715859
6 99846474324647612
2 55776946412348939
6 66765199759862129
6 11948853443376643
2 29885748729459232
1 16137335898881866
3 18877883515683285
9 18265951736234789
4 67625153271648255
4 29479789257182731
3 15322463275697332
2 89892697549548979
9 15291549269167944
8 73325368845533823
8 64559255727194234
