100 100
44 84
6 44
10 44
15 44
30 6
21 6
43 21
95 15
42 43
55 44
13 30
89 6
23 6
35 44
58 35
54 21
97 21
49 44
33 23
59 42
56 89
72 84
14 72
39 13
66 23
96 23
99 95
12 49
11 59
48 58
91 39
4 54
65 55
86 33
80 33
64 49
74 55
92 39
3 65
82 43
34 64
20 4
50 54
90 35
53 20
77 39
70 56
83 86
38 3
76 53
17 13
24 13
22 13
87 65
61 99
28 22
52 59
31 38
27 99
47 82
60 52
40 60
62 10
29 30
36 24
98 13
81 87
9 6
71 80
46 12
93 42
88 3
37 99
69 20
63 82
85 12
57 22
68 9
45 11
75 27
78 80
73 38
51 61
67 96
8 35
41 3
5 99
16 80
7 85
32 72
18 84
26 99
19 42
2 86
1 38
79 63
94 81
25 33
100 58
39530 18777 22405 64444 55764 14614 54539 18607 36841 2905 44819 35129 70689 97370 67918 69918 66997 43325 87744 59471 12184 98491 95500 89773 6726 85645 55591 17506 68140 2955 69787 7670 38083 8543 88465 10198 39508 59356 28805 76349 78612 73623 27829 49300 87344 95747 35569 54341 55423 23312 13811 67606 21802 25662 73731 44879 11306 29321 78737 79445 48627 48523 3466 86709 73417 8283 13259 12925 67638 42063 5625 62601 32037 33453 11900 19380 45551 47469 90072 974 87132 3882 84931 8934 45895 58661 70164 57200 87982 48900 52997 52960 13774 72814 39669 87191 81096 52927 16467 65085
85 91 11341
37 43 43377
57 46 79108
88 19 69180
73 49 89413
37 10 51660
88 43 25211
14 2 78207
56 22 67373
22 100 64820
12 40 29905
6 68 73941
51 28 46229
21 59 65985
70 23 89225
31 82 21397
73 93 40085
26 51 7673
100 23 5386
99 43 6641
91 99 40714
10 91 80525
37 20 8582
95 56 37733
70 80 18005
51 77 85274
43 61 47256
94 85 75580
68 22 23206
62 14 62505
60 27 62755
3 3 18945
22 85 23507
29 69 22843
9 73 35190
37 99 49959
49 54 18809
34 34 83304
55 91 21649
69 47 17568
47 1 19530
50 98 73789
34 4 86991
54 98 5364
26 87 94893
76 97 61153
30 58 9189
15 61 95437
5 61 43922
51 28 60029
3 57 66749
100 98 4795
3 40 71044
1 4 90429
39 48 682
36 52 36160
93 40 82135
5 28 2216
65 50 55630
44 30 98286
1 78 76336
50 72 85239
89 68 60290
44 96 92293
91 30 53145
42 41 61683
33 27 570
61 43 72262
62 24 9118
91 10 82
68 97 95426
91 35 14678
58 25 31627
6 69 49615
87 13 90359
27 47 65101
53 17 34995
47 30 25579
71 48 32291
32 81 99052
28 58 18594
15 87 41313
91 13 88356
11 80 14413
75 90 58970
21 42 6356
89 88 25434
71 67 98339
18 57 27285
50 61 607
60 6 238
46 19 35218
59 74 90784
90 38 10874
79 8 20484
72 15 72758
60 1 45730
26 39 23619
34 75 11389
94 82 18158
