100
2 1 2
3 2 2
1 100000 1
1 100000 2
100000 100000 100000
99999 99979 99971
99983 99989 99989
98765 100000 99979
98761 100000 99991
96762 100000 99991
88718 17789 98898
12356 93106 4130
69225 78682 91833
9186 30269 57802
85604 73616 65448
60122 96635 99860
45900 94980 26946
18648 86237 74397
70694 95144 87484
70696 86341 68530
65516 95887 65308
86134 93087 31698
9909 77132 63945
56062 89241 88736
21789 99914 6729
86499 96429 44517
17488 76976 49150
89277 84235 86751
36829 93871 32409
20883 90662 40932
34992 90279 60274
29058 99686 58928
52526 87723 3652
39448 98635 98560
81880 98031 46375
65410 94121 64528
81114 99996 74006
64794 96972 30807
86476 92199 38002
84620 95278 77858
18604 97719 64896
43780 96996 39112
8346 96764 60885
30240 90860 96512
7047 99071 90750
44578 98499 61744
45418 99198 87878
57249 97907 84375
86445 98974 44139
35850 99203 5169
14715 95675 86283
63685 96001 39292
7572 97622 95852
22476 98768 94306
27832 96871 38836
98604 99397 3894
47792 99295 43856
79530 95589 31624
61176 99571 57770
63242 98487 46928
48717 94647 59976
15475 89761 23930
40638 99825 84736
10604 99987 64006
46 98871 24254
16378 99579 50262
68376 99187 78646
360 99740 42316
46821 97295 43959
25138 99125 74268
15782 99767 2535
6660 99633 27470
65874 99227 45554
90142 98031 29462
55388 99750 54050
68638 99766 86616
85569 99704 74508
86877 97770 23030
81712 99654 23044
40138 98884 56496
76412 84850 38206
95882 14293 47941
97064 91637 48532
81798 15648 40899
99546 99231 33182
97756 23213 24439
95601 97124 31867
91700 1435 13100
83500 92624 41750
95356 17592 47678
75828 24026 29726
18360 8696 91800
67870 92699 67870
15819 11526 36911
6074 99112 97184
83376 12173 62532
53884 82799 67355
60732 5945 75915
76836 68936 93012
98477 11316 93294
