100
2 1 2
3 2 2
1 10 1
1 10 2
10 10 6
8 9 6
5 8 5
4 7 1
2 10 8
10 8 6
8 8 10
6 10 2
10 10 2
3 7 3
6 10 3
5 10 10
5 9 10
9 9 9
6 10 6
4 10 6
6 10 8
2 10 2
4 9 2
10 10 5
10 10 1
8 10 8
4 10 10
4 10 8
8 10 1
4 10 1
2 10 8
8 10 1
3 10 9
6 10 3
5 10 10
2 10 4
8 10 8
3 10 6
5 10 10
1 10 1
8 10 1
8 10 10
3 10 1
6 10 1
7 10 7
10 10 6
4 10 10
2 10 1
9 10 9
3 10 3
6 10 3
2 10 8
2 10 10
3 10 3
10 10 6
8 10 10
8 10 4
10 10 5
3 10 9
2 10 6
1 10 1
6 10 4
10 10 5
8 10 2
5 10 1
4 10 6
6 10 1
10 10 2
3 10 1
7 10 1
4 10 2
6 10 10
2 10 2
4 10 2
7 10 1
8 1 4
10 3 5
9 9 3
9 1 3
10 9 5
9 1 3
9 10 3
8 3 4
10 8 2
10 1 5
4 2 8
6 4 4
1 7 8
9 2 6
1 9 4
10 3 9
2 9 8
10 3 2
9 7 6
10 2 4
6 9 10
9 2 6
10 9 6
2 1 9
3 10 8
