1000 100
1 9383 886
1 9356 861
1 9333 836
1 9332 824
1 9308 823
1 9276 801
1 9271 767
1 9248 736
1 9233 700
1 9226 699
1 9200 691
1 9158 667
1 9141 632
1 9124 619
1 9087 609
1 9073 582
1 9046 579
1 9032 567
1 9004 551
1 8973 544
1 8949 526
1 8913 497
1 8899 475
1 8876 446
1 8856 416
1 8818 415
1 8817 380
1 8791 362
1 8759 357
1 8728 326
1 8713 326
1 8699 284
1 8688 249
1 8672 210
1 8659 208
1 8650 208
1 8623 208
1 8594 166
1 8565 152
1 8532 147
1 8525 114
1 8519 106
1 8496 67
1 8463 56
1 8419 37
1 8377 22
1 8351 4
1 8332 -33
1 8316 -69
1 8277 -98
1 8277 -108
1 8248 -136
1 8231 -157
1 8199 -159
1 8157 -186
1 8150 -197
1 8134 -217
1 8108 -218
1 8093 -232
1 8074 -246
1 8034 -270
1 7998 -292
1 7956 -303
1 7935 -323
1 7926 -345
1 7914 -361
1 7882 -364
1 7876 -369
1 7845 -407
1 7831 -436
1 7803 -457
1 7801 -501
1 7798 -530
1 7798 -548
1 7755 -568
1 7715 -607
1 7709 -645
1 7686 -655
1 7675 -661
1 7644 -681
1 7615 -724
1 7571 -747
1 7570 -752
1 7542 -792
1 7498 -796
1 7474 -830
1 7442 -856
1 7409 -892
1 7392 -932
1 7383 -948
1 7361 -959
1 7344 -987
1 7339 -989
1 7300 -1005
1 7292 -1030
1 7248 -1067
1 7218 -1110
1 7195 -1148
1 7192 -1154
1 7159 -1163
2
1 7148 -1182
2
1 7105 -1225
2
1 7097 -1263
2
1 7056 -1288
2
1 7022 -1301
2
1 7019 -1319
2
1 6995 -1346
2
1 6993 -1382
2
1 6964 -1385
2
1 6949 -1423
2
1 6914 -1437
2
1 6877 -1457
2
1 6858 -1472
2
1 6838 -1501
2
1 6809 -1517
2
1 6770 -1519
2
1 6728 -1563
2
1 6721 -1575
2
1 6721 -1579
2
1 6683 -1620
2
1 6666 -1623
2
1 6652 -1626
2
1 6621 -1649
2
1 6581 -1671
2
1 6555 -1681
2
1 6540 -1697
2
1 6509 -1712
2
1 6466 -1717
2
1 6436 -1743
2
1 6402 -1764
2
1 6360 -1799
2
1 6337 -1800
2
1 6295 -1838
2
1 6281 -1880
2
1 6239 -1894
2
1 6239 -1915
2
1 6222 -1929
2
1 6198 -1939
2
1 6160 -1965
2
1 6127 -1991
2
1 6091 -2001
2
1 6048 -2030
2
1 6023 -2033
2
1 5989 -2044
2
1 5960 -2075
2
1 5921 -2108
2
1 5893 -2126
2
1 5858 -2151
2
1 5847 -2162
2
1 5818 -2177
2
1 5793 -2206
2
1 5757 -2248
2
1 5751 -2270
2
1 5736 -2276
2
1 5732 -2279
2
1 5700 -2281
2
1 5687 -2318
2
1 5648 -2357
2
1 5607 -2392
2
1 5595 -2424
2
1 5574 -2430
2
1 5546 -2442
2
1 5515 -2467
2
1 5471 -2471
2
1 5435 -2500
2
1 5416 -2516
2
1 5396 -2533
2
1 5376 -2566
2
1 5374 -2601
2
1 5335 -2614
2
1 5335 -2648
2
1 5313 -2662
2
1 5287 -2678
2
1 5272 -2707
2
1 5265 -2734
2
1 5248 -2769
2
1 5208 -2769
2
1 5206 -2803
2
1 5181 -2805
2
1 5143 -2828
2
1 5105 -2848
2
1 5066 -2868
2
1 5022 -2889
2
1 5013 -2890
2
1 5001 -2900
2
1 4987 -2919
2
1 4943 -2963
2
1 4910 -2989
2
1 4895 -2999
2
1 4885 -3021
2
1 4841 -3055
2
1 4828 -3095
2
1 4787 -3117
2
1 4758 -3145
2
1 4727 -3174
2
1 4721 -3198
2
1 4717 -3205
2
1 4710 -3216
2
1 4681 -3232
2
1 4669 -3235
2
1 4636 -3269
2
1 4614 -3302
2
1 4581 -3320
2
1 4560 -3323
2
1 4532 -3361
2
1 4499 -3389
2
1 4471 -3397
2
1 4441 -3421
2
1 4404 -3442
2
1 4396 -3466
2
1 4391 -3487
2
1 4388 -3504
2
1 4359 -3514
2
1 4331 -3527
2
1 4298 -3529
2
1 4275 -3551
2
1 4239 -3551
2
1 4222 -3582
2
1 4197 -3620
2
1 4155 -3629
2
1 4124 -3659
2
1 4080 -3680
2
1 4080 -3709
2
1 4072 -3746
2
1 4067 -3769
2
1 4051 -3786
2
1 4007 -3813
2
1 3973 -3841
2
1 3929 -3858
2
1 3926 -3891
2
1 3906 -3917
2
1 3889 -3935
2
1 3855 -3976
2
1 3850 -3990
2
1 3816 -3992
2
1 3786 -4019
2
1 3747 -4048
2
1 3743 -4087
2
1 3723 -4106
2
1 3685 -4131
2
1 3643 -4141
2
1 3600 -4182
2
1 3556 -4221
2
1 3524 -4264
2
1 3512 -4299
2
1 3474 -4338
2
1 3450 -4348
2
1 3438 -4368
2
1 3432 -4392
2
1 3391 -4394
2
1 3365 -4421
2
1 3335 -4448
2
1 3317 -4489
2
1 3296 -4528
2
1 3281 -4543
2
1 3255 -4555
2
1 3223 -4579
2
1 3208 -4610
2
1 3189 -4612
2
1 3160 -4650
2
1 3160 -4673
2
1 3128 -4704
2
1 3088 -4710
2
1 3082 -4719
2
1 3051 -4721
2
1 3033 -4740
2
1 2997 -4750
2
1 2995 -4760
2
1 2989 -4790
2
1 2978 -4818
2
1 2971 -4855
2
1 2969 -4856
2
1 2945 -4881
2
1 2913 -4886
2
1 2886 -4910
2
1 2881 -4944
2
1 2872 -4988
2
1 2852 -4999
2
1 2847 -5032
2
1 2820 -5075
2
1 2777 -5076
2
1 2752 -5110
2
1 2741 -5137
2
1 2735 -5162
2
1 2716 -5179
2
1 2701 -5213
2
1 2684 -5231
2
1 2649 -5234
2
1 2606 -5257
2
1 2598 -5289
2
1 2589 -5302
2
1 2567 -5320
2
1 2555 -5324
2
1 2519 -5348
2
1 2519 -5367
2
1 2496 -5410
2
1 2476 -5413
2
1 2437 -5451
2
1 2400 -5452
2
1 2382 -5470
2
1 2357 -5504
2
1 2350 -5508
2
1 2336 -5551
2
1 2329 -5570
2
1 2301 -5592
2
1 2295 -5629
2
1 2253 -5664
2
1 2236 -5680
2
1 2234 -5695
2
1 2193 -5697
2
1 2159 -5723
2
1 2152 -5739
2
1 2116 -5740
2
1 2099 -5775
2
1 2090 -5810
2
1 2082 -5845
2
1 2051 -5861
2
1 2050 -5868
2
1 2029 -5877
2
1 2003 -5881
2
1 1965 -5921
2
1 1962 -5957
2
1 1932 -5984
2
1 1925 -6023
2
1 1883 -6033
2
1 1842 -6072
2
1 1806 -6075
2
1 1789 -6109
2
1 1777 -6143
2
1 1753 -6164
2
1 1721 -6204
2
1 1710 -6229
2
1 1692 -6249
2
1 1659 -6288
2
1 1630 -6309
2
1 1625 -6338
2
1 1609 -6353
2
1 1589 -6362
2
1 1585 -6390
2
1 1582 -6398
2
1 1582 -6405
2
1 1580 -6442
2
1 1563 -6462
2
1 1530 -6491
2
1 1514 -6504
2
1 1508 -6507
2
1 1500 -6531
2
1 1471 -6564
2
1 1427 -6581
2
1 1400 -6616
2
1 1362 -6655
2
1 1342 -6672
2
1 1333 -6674
2
1 1307 -6694
2
1 1270 -6730
2
1 1242 -6768
2
1 1199 -6806
2
1 1169 -6822
2
1 1149 -6840
2
1 1142 -6876
2
1 1104 -6896
2
1 1064 -6904
2
1 1064 -6928
2
1 1023 -6934
2
1 1020 -6964
2
1 1016 -6967
2
1 992 -6998
2
1 972 -7038
2
1 939 -7046
2
1 924 -7072
2
1 924 -7116
2
1 905 -7121
2
1 868 -7132
2
1 840 -7144
2
1 804 -7180
2
1 794 -7210
2
1 783 -7215
2
1 783 -7233
2
1 747 -7275
2
1 715 -7276
2
1 681 -7312
2
1 676 -7326
2
1 654 -7358
2
1 645 -7368
2
1 642 -7400
2
1 599 -7410
2
1 561 -7427
2
1 546 -7457
2
1 518 -7501
2
1 514 -7528
2
1 472 -7542
2
1 460 -7557
2
1 433 -7576
2
1 399 -7594
2
1 376 -7615
2
1 356 -7628
2
1 337 -7660
2
1 310 -7663
2
1 284 -7706
2
1 271 -7735
2
1 234 -7747
2
1 195 -7777
2
1 159 -7794
2
1 144 -7821
2
1 128 -7847
2
1 119 -7860
2
1 78 -7888
2
1 50 -7911
2
1 48 -7935
2
1 45 -7961
2
1 38 -7991
2
1 -1 -8024
2
1 -25 -8052
2
1 -61 -8058
2
1 -94 -8063
2
1 -136 -8089
2
1 -160 -8133
2
1 -171 -8148
2
1 -187 -8182
2
1 -191 -8221
2
1 -206 -8234
2
1 -220 -8252
2
1 -261 -8256
2
1 -264 -8300
2
1 -300 -8307
2
1 -332 -8350
2
1 -369 -8376
2
1 -401 -8393
2
1 -417 -8423
2
1 -447 -8427
2
1 -482 -8461
2
1 -512 -8482
2
1 -545 -8524
2
1 -589 -8535
2
1 -620 -8538
2
1 -625 -8546
2
1 -642 -8572
2
1 -669 -8592
2
1 -700 -8622
2
1 -719 -8644
2
1 -756 -8650
2
1 -783 -8687
2
1 -822 -8708
2
1 -838 -8718
2
1 -845 -8726
2
1 -860 -8730
2
1 -902 -8737
2
1 -935 -8768
2
1 -939 -8800
2
1 -943 -8842
2
1 -985 -8859
2
1 -991 -8880
2
1 -1034 -8920
2
1 -1076 -8956
2
1 -1101 -8972
2
1 -1121 -8997
2
1 -1151 -9000
2
1 -1175 -9031
2
1 -1206 -9071
2
1 -1248 -9071
2
1 -1251 -9090
2
1 -1256 -9090
2
1 -1282 -9090
2
1 -1320 -9128
2
1 -1352 -9171
2
1 -1394 -9207
2
1 -1409 -9217
2
1 -1422 -9237
2
1 -1427 -9247
2
1 -1439 -9285
2
1 -1472 -9317
2
1 -1490 -9342
2
1 -1532 -9384
2
1 -1544 -9420
2
1 -1588 -9436
2
1 -1624 -9445
2
1 -1659 -9448
2
1 -1668 -9471
2
1 -1671 -9481
2
1 -1694 -9523
2
1 -1709 -9544
2
1 -1743 -9581
2
1 -1774 -9583
2
1 -1786 -9627
2
1 -1798 -9658
2
1 -1835 -9665
2
1 -1861 -9675
2
1 -1894 -9698
2
1 -1908 -9698
2
1 -1929 -9718
2
1 -1945 -9731
2
1 -1974 -9744
2
1 -1997 -9782
2
1 -2040 -9809
2
1 -2050 -9831
2
1 -2074 -9856
2
1 -2079 -9876
2
1 -2096 -9919
2
1 -2118 -9956
2
1 -2160 -9997
2
1 -2183 -10031
2
1 -2187 -10035
2
1 -2193 -10079
2
1 -2228 -10106
2
1 -2272 -10117
2
1 -2274 -10139
2
1 -2305 -10170
2
1 -2347 -10180
2
1 -2379 -10182
2
1 -2423 -10224
2
1 -2447 -10247
2
1 -2477 -10283
2
1 -2483 -10292
2
1 -2518 -10320
2
1 -2519 -10352
2
1 -2551 -10384
2
1 -2580 -10427
2
1 -2616 -10462
2
1 -2658 -10488
2
1 -2683 -10529
2
1 -2683 -10556
2
1 -2708 -10587
2
1 -2722 -10609
2
1 -2763 -10617
2
1 -2794 -10619
2
1 -2799 -10630
2
1 -2832 -10672
2
1 -2841 -10711
2
1 -2848 -10755
2
1 -2877 -10770
2
1 -2916 -10786
2
1 -2918 -10809
2
1 -2932 -10810
2
1 -2952 -10821
2
1 -2986 -10821
2
1 -3000 -10855
2
1 -3035 -10894
2
1 -3056 -10905
2
1 -3079 -10929
2
1 -3098 -10939
2
1 -3125 -10970
2
1 -3153 -10985
2
1 -3182 -11029
2
1 -3198 -11072
2
1 -3242 -11072
2
1 -3255 -11072
2
1 -3272 -11095
2
1 -3295 -11133
2
1 -3319 -11138
2
1 -3324 -11151
